878.0 -66.0 377.0 
420.0 979.0 -538.0 
-206.0 -604.0 -720.0 
-331.0 899.0 -996.0 
-428.0 313.0 937.0 
14.0 -479.0 -13.0 
-227.0 375.0 648.0 
-620.0 134.0 662.0 
608.0 -451.0 51.0 
-91.0 589.0 869.0 
-572.0 98.0 114.0 
-553.0 -265.0 10.0 
924.0 -648.0 -645.0 
-296.0 -285.0 -517.0 
648.0 637.0 -151.0 
472.0 -492.0 -366.0 
-618.0 786.0 282.0 
-494.0 172.0 -557.0 
-453.0 451.0 173.0 
-4.0 -981.0 -498.0 
111.0 817.0 97.0 
867.0 480.0 -107.0 
-892.0 646.0 925.0 
976.0 -527.0 -778.0 
789.0 -541.0 -707.0 
725.0 113.0 596.0 
519.0 -369.0 -892.0 
573.0 -856.0 -631.0 
323.0 490.0 233.0 
193.0 -106.0 899.0 
415.0 -121.0 32.0 
-204.0 -836.0 -567.0 
-81.0 357.0 -440.0 
-983.0 68.0 -11.0 
-787.0 -520.0 -163.0 
40.0 679.0 416.0 
-99.0 -943.0 595.0 
-829.0 -545.0 -447.0 
-886.0 207.0 -727.0 
724.0 688.0 -359.0 
-373.0 545.0 -368.0 
514.0 170.0 457.0 
-276.0 212.0 486.0 
212.0 -803.0 -772.0 
639.0 451.0 962.0 
683.0 -632.0 -388.0 
-362.0 222.0 -966.0 
-641.0 -745.0 -117.0 
256.0 -986.0 -358.0 
508.0 -687.0 119.0 
310.0 760.0 873.0 
420.0 248.0 752.0 
-320.0 842.0 811.0 
-559.0 -909.0 -496.0 
-398.0 -96.0 802.0 
-591.0 286.0 -267.0 
-197.0 -422.0 -845.0 
-403.0 248.0 -324.0 
616.0 -936.0 -951.0 
-33.0 560.0 257.0 
838.0 -335.0 -536.0 
765.0 482.0 174.0 
809.0 -76.0 387.0 
-113.0 720.0 355.0 
229.0 -623.0 -710.0 
-991.0 -673.0 -11.0 
-578.0 -326.0 -390.0 
314.0 -810.0 317.0 
-833.0 -573.0 612.0 
230.0 678.0 780.0 
426.0 236.0 -412.0 
261.0 -733.0 594.0 
970.0 -350.0 -140.0 
655.0 -511.0 -524.0 
-61.0 661.0 -89.0 
-846.0 -175.0 -878.0 
-55.0 64.0 549.0 
9.0 -403.0 -282.0 
911.0 -21.0 586.0 
50.0 -987.0 -911.0 
-859.0 -149.0 243.0 
534.0 386.0 868.0 
295.0 112.0 -496.0 
-963.0 -335.0 -302.0 
-768.0 386.0 638.0 
209.0 458.0 -911.0 
-681.0 -286.0 6.0 
57.0 651.0 -218.0 
20.0 895.0 -482.0 
320.0 -88.0 846.0 
398.0 369.0 981.0 
609.0 -126.0 328.0 
901.0 -299.0 -807.0 
-236.0 -103.0 123.0 
-285.0 -864.0 267.0 
-543.0 -299.0 -941.0 
571.0 -811.0 -312.0 
48.0 336.0 977.0 
-249.0 -16.0 -489.0 
-351.0 -699.0 -228.0 
-252.0 225.0 -242.0 
-976.0 -750.0 -777.0 
308.0 548.0 -169.0 
331.0 -481.0 998.0 
235.0 -674.0 875.0 
-819.0 -288.0 55.0 
-89.0 -621.0 -259.0 
657.0 -663.0 -562.0 
988.0 -575.0 -529.0 
-407.0 -359.0 -316.0 
821.0 -226.0 690.0 
12.0 711.0 805.0 
843.0 -194.0 -246.0 
694.0 -449.0 156.0 
27.0 75.0 60.0 
-944.0 -149.0 -564.0 
713.0 485.0 616.0 
163.0 640.0 -477.0 
-544.0 488.0 -572.0 
-262.0 -686.0 852.0 
561.0 80.0 357.0 
763.0 -279.0 241.0 
-357.0 741.0 -69.0 
334.0 949.0 -839.0 
908.0 -440.0 920.0 
241.0 896.0 -749.0 
943.0 -724.0 476.0 
640.0 2.0 534.0 
-402.0 -715.0 -283.0 
-143.0 -83.0 -7.0 
-827.0 -457.0 669.0 
897.0 -478.0 297.0 
817.0 -195.0 821.0 
-214.0 -591.0 -218.0 
505.0 -480.0 -669.0 
-55.0 -501.0 -204.0 
272.0 712.0 853.0 
95.0 795.0 -366.0 
427.0 -261.0 -244.0 
-735.0 67.0 -420.0 
-20.0 539.0 358.0 
-657.0 787.0 -94.0 
-352.0 -845.0 -666.0 
-846.0 -773.0 -473.0 
-149.0 56.0 57.0 
-434.0 -990.0 -304.0 
-386.0 -544.0 592.0 
373.0 -75.0 -399.0 
-962.0 -343.0 623.0 
-562.0 -300.0 503.0 
-613.0 448.0 -572.0 
926.0 680.0 -173.0 
-924.0 -315.0 -531.0 
91.0 -842.0 33.0 
-188.0 250.0 689.0 
907.0 890.0 6.0 
340.0 -460.0 747.0 
-88.0 785.0 38.0 
-833.0 -96.0 79.0 
-850.0 151.0 -468.0 
-630.0 873.0 -488.0 
-120.0 668.0 239.0 
179.0 553.0 -171.0 
157.0 -845.0 -991.0 
333.0 -279.0 679.0 
825.0 405.0 -640.0 
764.0 619.0 942.0 
-704.0 -658.0 204.0 
155.0 875.0 651.0 
-289.0 825.0 -171.0 
-825.0 -306.0 -806.0 
-57.0 92.0 -989.0 
-153.0 -912.0 550.0 
34.0 13.0 885.0 
710.0 806.0 -832.0 
884.0 533.0 225.0 
-306.0 -492.0 471.0 
42.0 -972.0 116.0 
957.0 606.0 81.0 
-891.0 -564.0 -103.0 
653.0 -822.0 -62.0 
-746.0 -181.0 770.0 
37.0 -770.0 -485.0 
-515.0 -467.0 -457.0 
474.0 206.0 -747.0 
555.0 637.0 -721.0 
-610.0 802.0 483.0 
-448.0 -552.0 -190.0 
650.0 -668.0 -952.0 
848.0 883.0 -983.0 
-927.0 554.0 -640.0 
-103.0 -386.0 51.0 
48.0 -815.0 -299.0 
992.0 -547.0 -110.0 
838.0 181.0 -89.0 
-745.0 419.0 937.0 
-804.0 473.0 -588.0 
-739.0 -417.0 320.0 
528.0 -741.0 -369.0 
-228.0 -198.0 361.0 
106.0 -223.0 829.0 
417.0 -517.0 388.0 
-337.0 991.0 185.0 
149.0 815.0 348.0 
670.0 427.0 926.0 
-298.0 648.0 -44.0 
-117.0 35.0 -663.0 
-170.0 518.0 29.0 
144.0 809.0 700.0 
768.0 -728.0 -949.0 
-512.0 -665.0 642.0 
91.0 472.0 775.0 
-597.0 -968.0 826.0 
-932.0 -595.0 658.0 
-905.0 -114.0 -511.0 
493.0 -434.0 473.0 
30.0 636.0 282.0 
228.0 495.0 238.0 
-532.0 -931.0 -653.0 
-987.0 -930.0 -916.0 
-624.0 -550.0 -256.0 
345.0 428.0 145.0 
-436.0 -654.0 364.0 
954.0 643.0 -802.0 
-476.0 -192.0 284.0 
-980.0 -326.0 350.0 
192.0 129.0 586.0 
-42.0 450.0 683.0 
292.0 -626.0 -83.0 
359.0 -357.0 41.0 
268.0 109.0 -477.0 
-34.0 -830.0 -12.0 
645.0 -989.0 -779.0 
-756.0 -956.0 -838.0 
752.0 -482.0 -899.0 
898.0 -879.0 848.0 
-125.0 775.0 -467.0 
594.0 207.0 267.0 
-77.0 576.0 -501.0 
742.0 916.0 -267.0 
324.0 813.0 89.0 
-675.0 -393.0 918.0 
-159.0 -26.0 -627.0 
-172.0 -509.0 319.0 
37.0 498.0 -424.0 
-114.0 -252.0 -642.0 
-597.0 -162.0 375.0 
-625.0 -384.0 352.0 
-661.0 602.0 58.0 
-315.0 -687.0 -589.0 
-336.0 -431.0 -917.0 
-224.0 91.0 -599.0 
798.0 -339.0 -881.0 
-574.0 -381.0 188.0 
-1.0 -213.0 -350.0 
-567.0 -157.0 -945.0 
757.0 -738.0 88.0 
-433.0 24.0 -869.0 
634.0 -432.0 -29.0 
907.0 347.0 645.0 
48.0 -675.0 -270.0 
166.0 -761.0 -577.0 
-905.0 -669.0 316.0 
-800.0 105.0 882.0 
700.0 -909.0 148.0 
-434.0 922.0 -426.0 
-2.0 -662.0 -525.0 
-810.0 -140.0 -91.0 
627.0 -742.0 867.0 
451.0 -416.0 -300.0 
-222.0 -544.0 74.0 
-33.0 590.0 -481.0 
415.0 801.0 -82.0 
-37.0 -524.0 133.0 
-460.0 -817.0 -678.0 
24.0 416.0 -709.0 
126.0 -329.0 -325.0 
31.0 -384.0 226.0 
250.0 920.0 -344.0 
-803.0 426.0 -217.0 
714.0 -376.0 490.0 
-854.0 -369.0 775.0 
667.0 -706.0 -453.0 
-660.0 -25.0 -975.0 
640.0 -285.0 -585.0 
817.0 -19.0 -209.0 
-735.0 -301.0 -342.0 
-105.0 798.0 813.0 
397.0 699.0 -345.0 
-561.0 -536.0 -143.0 
276.0 -451.0 -912.0 
-413.0 731.0 -836.0 
771.0 768.0 -462.0 
324.0 229.0 -816.0 
195.0 -527.0 110.0 
111.0 -723.0 -288.0 
421.0 149.0 112.0 
74.0 760.0 -959.0 
-869.0 137.0 444.0 
-238.0 -721.0 -150.0 
860.0 884.0 924.0 
983.0 -623.0 52.0 
565.0 -812.0 -479.0 
925.0 975.0 -397.0 
12.0 70.0 -478.0 
446.0 -221.0 48.0 
-276.0 744.0 -427.0 
-388.0 -327.0 725.0 
119.0 95.0 -378.0 
-367.0 -501.0 -327.0 
257.0 376.0 -570.0 
555.0 853.0 987.0 
-910.0 666.0 335.0 
-407.0 -214.0 -693.0 
-706.0 -9.0 348.0 
503.0 -306.0 835.0 
-256.0 -216.0 625.0 
-542.0 -280.0 -929.0 
-920.0 849.0 395.0 
-106.0 -403.0 -668.0 
800.0 932.0 -432.0 
-532.0 630.0 307.0 
-767.0 185.0 967.0 
-190.0 430.0 -751.0 
150.0 529.0 -742.0 
806.0 -880.0 -485.0 
-88.0 -573.0 329.0 
-411.0 -802.0 567.0 
204.0 770.0 386.0 
-493.0 -657.0 594.0 
-585.0 452.0 709.0 
-190.0 385.0 -561.0 
184.0 407.0 -802.0 
-141.0 -623.0 -376.0 
-19.0 987.0 -970.0 
14.0 -121.0 160.0 
-876.0 708.0 923.0 
-244.0 -641.0 174.0 
26.0 811.0 -591.0 
-385.0 763.0 -191.0 
124.0 696.0 572.0 
256.0 -902.0 -615.0 
-486.0 -446.0 -837.0 
-880.0 -637.0 34.0 
141.0 624.0 -301.0 
329.0 -910.0 -506.0 
65.0 -628.0 89.0 
-84.0 594.0 649.0 
-251.0 477.0 -7.0 
13.0 25.0 -341.0 
961.0 -934.0 -617.0 
48.0 6.0 -394.0 
27.0 997.0 -346.0 
-15.0 -391.0 -141.0 
679.0 -472.0 904.0 
-356.0 767.0 987.0 
394.0 -27.0 -389.0 
183.0 -438.0 158.0 
-70.0 -9.0 721.0 
-370.0 -385.0 873.0 
450.0 401.0 796.0 
201.0 924.0 -399.0 
479.0 -377.0 -859.0 
-572.0 607.0 -748.0 
510.0 -373.0 876.0 
-413.0 -84.0 769.0 
-645.0 -659.0 -565.0 
-879.0 342.0 -167.0 
-391.0 -772.0 -146.0 
931.0 546.0 546.0 
642.0 -923.0 225.0 
-528.0 -815.0 -810.0 
53.0 25.0 972.0 
195.0 -787.0 74.0 
600.0 618.0 654.0 
-619.0 -970.0 -650.0 
781.0 668.0 506.0 
-494.0 267.0 -14.0 
617.0 -728.0 88.0 
990.0 -248.0 -917.0 
-8.0 151.0 -454.0 
824.0 -728.0 445.0 
408.0 -781.0 93.0 
-298.0 -917.0 -499.0 
-699.0 -607.0 -613.0 
258.0 403.0 -368.0 
-502.0 -405.0 334.0 
-403.0 -760.0 652.0 
-180.0 127.0 173.0 
616.0 14.0 -221.0 
-369.0 -82.0 504.0 
-836.0 -988.0 688.0 
357.0 336.0 948.0 
-82.0 540.0 411.0 
546.0 -685.0 -749.0 
147.0 237.0 829.0 
896.0 -48.0 -550.0 
-503.0 124.0 -225.0 
-346.0 593.0 -606.0 
-225.0 142.0 853.0 
-142.0 -104.0 660.0 
126.0 -655.0 -332.0 
976.0 919.0 -357.0 
356.0 714.0 131.0 
-77.0 -343.0 67.0 
399.0 977.0 653.0 
108.0 287.0 457.0 
-704.0 971.0 898.0 
-755.0 227.0 -133.0 
425.0 12.0 -968.0 
443.0 -162.0 364.0 
-386.0 412.0 234.0 
590.0 642.0 -39.0 
962.0 -512.0 258.0 
567.0 91.0 480.0 
-69.0 172.0 970.0 
-938.0 -294.0 127.0 
511.0 696.0 29.0 
285.0 -490.0 829.0 
-460.0 129.0 214.0 
-845.0 -493.0 -933.0 
-676.0 -200.0 -35.0 
-936.0 -408.0 -76.0 
-393.0 -484.0 872.0 
-821.0 -776.0 -912.0 
406.0 -118.0 481.0 
-7.0 -54.0 -531.0 
110.0 249.0 10.0 
38.0 -562.0 952.0 
-890.0 16.0 994.0 
993.0 -545.0 -213.0 
702.0 -862.0 946.0 
-851.0 -504.0 -616.0 
375.0 -483.0 -780.0 
-420.0 -350.0 -3.0 
-802.0 727.0 94.0 
-486.0 -737.0 -41.0 
-705.0 515.0 636.0 
-994.0 -268.0 -874.0 
975.0 -725.0 -492.0 
934.0 330.0 -166.0 
974.0 -490.0 -110.0 
906.0 -766.0 883.0 
-603.0 834.0 442.0 
-988.0 -544.0 695.0 
279.0 157.0 632.0 
828.0 34.0 -266.0 
-775.0 -505.0 -519.0 
-512.0 -455.0 620.0 
-915.0 297.0 -607.0 
792.0 443.0 -63.0 
-525.0 -501.0 -57.0 
792.0 -621.0 -788.0 
706.0 -297.0 -48.0 
-359.0 355.0 561.0 
-979.0 370.0 270.0 
-931.0 743.0 -421.0 
753.0 -1.0 -492.0 
43.0 335.0 114.0 
641.0 332.0 699.0 
-125.0 -651.0 706.0 
-669.0 -681.0 607.0 
-417.0 906.0 800.0 
-876.0 825.0 -999.0 
-102.0 -913.0 -203.0 
-540.0 -599.0 -875.0 
-237.0 415.0 490.0 
-325.0 421.0 819.0 
-118.0 -822.0 128.0 
-148.0 -886.0 -276.0 
493.0 197.0 -241.0 
-460.0 -381.0 -49.0 
-227.0 -212.0 -594.0 
110.0 474.0 -37.0 
-125.0 -897.0 100.0 
156.0 -713.0 -134.0 
-855.0 634.0 -13.0 
-154.0 155.0 -494.0 
-471.0 -493.0 -412.0 
-175.0 822.0 70.0 
646.0 403.0 727.0 
173.0 -737.0 761.0 
240.0 -103.0 205.0 
-86.0 -11.0 879.0 
-89.0 813.0 -253.0 
695.0 -434.0 -154.0 
890.0 -530.0 728.0 
652.0 -683.0 -401.0 
740.0 410.0 -520.0 
341.0 -246.0 -640.0 
-224.0 482.0 -42.0 
910.0 798.0 -963.0 
650.0 -666.0 -261.0 
989.0 568.0 -828.0 
322.0 -872.0 -656.0 
-928.0 971.0 384.0 
882.0 -196.0 14.0 
-716.0 -122.0 983.0 
377.0 -88.0 272.0 
-521.0 312.0 -170.0 
-916.0 -375.0 683.0 
765.0 191.0 138.0 
59.0 -619.0 -16.0 
-257.0 913.0 903.0 
-591.0 -359.0 197.0 
-524.0 -737.0 -893.0 
14.0 -936.0 -919.0 
121.0 375.0 164.0 
-338.0 485.0 305.0 
251.0 530.0 -2.0 
163.0 543.0 -851.0 
-923.0 -864.0 52.0 
744.0 750.0 897.0 
-815.0 -118.0 432.0 
567.0 462.0 -710.0 
812.0 23.0 595.0 
522.0 238.0 527.0 
-15.0 301.0 -676.0 
-761.0 -518.0 67.0 
368.0 -555.0 -850.0 
-233.0 -747.0 -910.0 
995.0 449.0 -351.0 
-713.0 812.0 -342.0 
480.0 -582.0 -800.0 
-56.0 -496.0 70.0 
-885.0 817.0 -715.0 
476.0 -63.0 224.0 
-833.0 616.0 -494.0 
-323.0 883.0 683.0 
641.0 -895.0 387.0 
-970.0 -330.0 -574.0 
381.0 946.0 69.0 
458.0 314.0 514.0 
-334.0 537.0 380.0 
-270.0 551.0 81.0 
-245.0 -703.0 604.0 
-786.0 -92.0 620.0 
510.0 -112.0 -83.0 
-322.0 260.0 606.0 
679.0 117.0 240.0 
-627.0 -31.0 -188.0 
410.0 -695.0 -406.0 
-280.0 673.0 -853.0 
197.0 822.0 908.0 
701.0 512.0 751.0 
-162.0 380.0 -894.0 
291.0 -748.0 -686.0 
-197.0 497.0 -643.0 
626.0 -758.0 338.0 
244.0 -392.0 853.0 
-668.0 904.0 -480.0 
-974.0 444.0 196.0 
710.0 -94.0 -419.0 
405.0 -754.0 -682.0 
310.0 484.0 385.0 
338.0 -362.0 2.0 
-960.0 413.0 -702.0 
-105.0 115.0 -948.0 
-265.0 -216.0 -556.0 
-340.0 -822.0 370.0 
-522.0 -485.0 469.0 
-645.0 -790.0 -850.0 
681.0 -934.0 -209.0 
-134.0 -222.0 323.0 
-89.0 290.0 316.0 
411.0 -228.0 -602.0 
-555.0 996.0 -941.0 
-755.0 683.0 132.0 
-444.0 -517.0 -210.0 
346.0 829.0 -296.0 
-785.0 437.0 987.0 
183.0 62.0 -278.0 
289.0 -821.0 -31.0 
-447.0 -124.0 697.0 
-43.0 331.0 815.0 
394.0 -496.0 867.0 
667.0 522.0 380.0 
521.0 -964.0 860.0 
828.0 -51.0 194.0 
-8.0 -911.0 -856.0 
440.0 -631.0 -490.0 
631.0 -700.0 892.0 
460.0 199.0 -203.0 
59.0 60.0 640.0 
-303.0 953.0 344.0 
939.0 -482.0 671.0 
993.0 -988.0 364.0 
483.0 960.0 361.0 
-409.0 121.0 589.0 
397.0 479.0 987.0 
58.0 914.0 201.0 
-982.0 171.0 -386.0 
354.0 -894.0 492.0 
914.0 -795.0 795.0 
841.0 -722.0 -722.0 
935.0 289.0 867.0 
757.0 -32.0 -944.0 
371.0 224.0 286.0 
388.0 -667.0 -53.0 
-329.0 -707.0 -494.0 
-586.0 958.0 113.0 
659.0 275.0 -966.0 
-334.0 874.0 -161.0 
-39.0 -514.0 445.0 
585.0 -915.0 112.0 
579.0 -493.0 -147.0 
485.0 254.0 938.0 
276.0 497.0 593.0 
-414.0 -281.0 -918.0 
547.0 217.0 -193.0 
-576.0 -271.0 392.0 
-515.0 833.0 40.0 
474.0 985.0 -212.0 
968.0 -532.0 87.0 
-105.0 -420.0 -862.0 
655.0 -232.0 -238.0 
-338.0 -771.0 488.0 
395.0 781.0 866.0 
821.0 -31.0 -841.0 
52.0 573.0 836.0 
-307.0 -85.0 373.0 
737.0 -717.0 711.0 
-992.0 322.0 -662.0 
663.0 -418.0 875.0 
-329.0 -669.0 -423.0 
801.0 283.0 -406.0 
354.0 -319.0 -819.0 
812.0 -986.0 -431.0 
-109.0 632.0 -933.0 
458.0 -531.0 -334.0 
-766.0 617.0 166.0 
-584.0 -453.0 -669.0 
298.0 -45.0 -761.0 
-283.0 683.0 390.0 
797.0 -789.0 570.0 
866.0 -9.0 -237.0 
939.0 801.0 -10.0 
623.0 -960.0 -61.0 
987.0 745.0 42.0 
578.0 -725.0 977.0 
-608.0 -952.0 872.0 
205.0 -990.0 280.0 
-351.0 420.0 707.0 
875.0 -187.0 -813.0 
-661.0 169.0 888.0 
157.0 -655.0 980.0 
-748.0 293.0 966.0 
179.0 -986.0 978.0 
321.0 -606.0 459.0 
-152.0 592.0 387.0 
-990.0 -97.0 -99.0 
822.0 -826.0 299.0 
-58.0 179.0 -917.0 
-692.0 -659.0 93.0 
-872.0 764.0 -243.0 
-903.0 -818.0 -134.0 
617.0 -653.0 -114.0 
-366.0 133.0 370.0 
-634.0 -825.0 -764.0 
488.0 438.0 -815.0 
-731.0 606.0 -82.0 
972.0 -833.0 702.0 
-340.0 643.0 392.0 
-965.0 -241.0 -552.0 
-792.0 -226.0 -583.0 
-827.0 -467.0 -327.0 
-589.0 -319.0 58.0 
205.0 191.0 431.0 
105.0 515.0 286.0 
-323.0 848.0 81.0 
713.0 -886.0 -522.0 
743.0 300.0 762.0 
355.0 -357.0 397.0 
-295.0 -409.0 -95.0 
896.0 257.0 681.0 
-507.0 -219.0 -792.0 
136.0 -463.0 354.0 
-874.0 -803.0 -331.0 
-565.0 662.0 -894.0 
-259.0 91.0 698.0 
642.0 299.0 -283.0 
302.0 -53.0 797.0 
-697.0 655.0 898.0 
837.0 -255.0 -259.0 
-810.0 -26.0 -121.0 
25.0 -34.0 -209.0 
-416.0 975.0 799.0 
-482.0 -441.0 -629.0 
-208.0 -210.0 832.0 
-829.0 -418.0 217.0 
-706.0 -164.0 199.0 
70.0 -323.0 -876.0 
-875.0 185.0 833.0 
72.0 -318.0 724.0 
-229.0 504.0 -421.0 
-332.0 902.0 942.0 
80.0 -106.0 272.0 
-318.0 -961.0 -975.0 
189.0 13.0 781.0 
-248.0 138.0 -453.0 
-28.0 909.0 -817.0 
998.0 746.0 -569.0 
-591.0 -624.0 664.0 
368.0 129.0 -115.0 
-543.0 -885.0 413.0 
-580.0 -600.0 -842.0 
-840.0 -58.0 -646.0 
-134.0 -746.0 -867.0 
704.0 70.0 -553.0 
833.0 -867.0 772.0 
3.0 165.0 -63.0 
732.0 303.0 -633.0 
170.0 -734.0 930.0 
-337.0 -453.0 -282.0 
791.0 -333.0 -720.0 
423.0 121.0 934.0 
478.0 -73.0 724.0 
177.0 -198.0 0.0 
-144.0 484.0 645.0 
393.0 444.0 403.0 
-545.0 -920.0 -649.0 
-434.0 -226.0 741.0 
455.0 -974.0 964.0 
589.0 -934.0 -438.0 
-397.0 -830.0 245.0 
131.0 21.0 -561.0 
143.0 -12.0 721.0 
-90.0 208.0 302.0 
965.0 -900.0 532.0 
-492.0 996.0 399.0 
536.0 -107.0 -958.0 
258.0 478.0 -763.0 
907.0 168.0 -420.0 
-792.0 -467.0 -546.0 
-930.0 -861.0 379.0 
56.0 477.0 114.0 
701.0 877.0 -99.0 
691.0 -972.0 -516.0 
82.0 -426.0 651.0 
-824.0 85.0 -428.0 
-596.0 -588.0 91.0 
-729.0 -744.0 463.0 
-398.0 -211.0 -285.0 
-709.0 581.0 351.0 
-311.0 -531.0 -151.0 
296.0 4.0 -241.0 
409.0 470.0 -138.0 
7.0 -877.0 -652.0 
-37.0 -432.0 705.0 
478.0 -606.0 726.0 
351.0 496.0 915.0 
-953.0 553.0 -489.0 
687.0 -712.0 -333.0 
-652.0 -457.0 -861.0 
316.0 482.0 452.0 
969.0 346.0 81.0 
-65.0 46.0 160.0 
438.0 -910.0 -728.0 
-447.0 -270.0 -3.0 
609.0 -402.0 661.0 
-647.0 -535.0 -947.0 
-213.0 -556.0 -979.0 
-745.0 -297.0 976.0 
-738.0 -893.0 -558.0 
520.0 -994.0 138.0 
-753.0 -655.0 931.0 
-981.0 -9.0 -71.0 
723.0 995.0 482.0 
991.0 -330.0 -200.0 
18.0 454.0 942.0 
-272.0 291.0 -106.0 
-901.0 -687.0 559.0 
-719.0 999.0 442.0 
523.0 -896.0 -924.0 
-671.0 540.0 784.0 
737.0 484.0 -13.0 
-44.0 248.0 -649.0 
-156.0 -285.0 -838.0 
-115.0 -183.0 622.0 
-166.0 556.0 -609.0 
357.0 -944.0 -482.0 
-91.0 361.0 206.0 
337.0 285.0 -571.0 
183.0 980.0 -138.0 
201.0 717.0 -213.0 
-290.0 -4.0 -976.0 
21.0 -400.0 -231.0 
195.0 -855.0 -895.0 
-363.0 -220.0 840.0 
-604.0 -232.0 -76.0 
-542.0 -321.0 920.0 
99.0 -765.0 909.0 
-526.0 -139.0 855.0 
902.0 -524.0 -980.0 
455.0 -791.0 119.0 
535.0 494.0 288.0 
-302.0 -804.0 -192.0 
-377.0 -736.0 167.0 
-538.0 -365.0 426.0 
-240.0 559.0 -739.0 
637.0 -904.0 442.0 
-19.0 -226.0 -548.0 
-56.0 341.0 -33.0 
130.0 591.0 -47.0 
-763.0 -796.0 718.0 
-660.0 829.0 34.0 
-242.0 792.0 -240.0 
593.0 248.0 -9.0 
343.0 821.0 -978.0 
-204.0 -510.0 -832.0 
295.0 -349.0 -557.0 
-575.0 653.0 979.0 
-493.0 -953.0 457.0 
-278.0 -88.0 46.0 
121.0 -345.0 890.0 
-777.0 750.0 433.0 
431.0 63.0 708.0 
-96.0 861.0 259.0 
-620.0 66.0 -811.0 
704.0 -810.0 824.0 
-615.0 494.0 -866.0 
726.0 932.0 555.0 
-347.0 903.0 146.0 
753.0 542.0 299.0 
-545.0 98.0 941.0 
-840.0 -540.0 -940.0 
205.0 -489.0 -65.0 
-185.0 233.0 -523.0 
480.0 695.0 -817.0 
-20.0 -609.0 -58.0 
668.0 -315.0 128.0 
-717.0 715.0 -547.0 
136.0 142.0 -486.0 
-542.0 -979.0 59.0 
928.0 -366.0 626.0 
182.0 373.0 181.0 
-30.0 431.0 216.0 
323.0 -177.0 362.0 
93.0 -117.0 -506.0 
-479.0 545.0 951.0 
-524.0 3.0 -29.0 
203.0 672.0 -909.0 
785.0 810.0 -845.0 
-588.0 429.0 -819.0 
173.0 -122.0 992.0 
943.0 396.0 -768.0 
685.0 50.0 -15.0 
733.0 -701.0 535.0 
105.0 -98.0 -617.0 
-659.0 -961.0 364.0 
232.0 -905.0 -322.0 
-363.0 582.0 -586.0 
-730.0 -437.0 984.0 
-869.0 -630.0 600.0 
971.0 144.0 229.0 
-842.0 -769.0 -581.0 
-427.0 77.0 757.0 
-103.0 -61.0 881.0 
134.0 -597.0 505.0 
120.0 243.0 -253.0 
252.0 -720.0 281.0 
-714.0 380.0 -272.0 
-631.0 974.0 -702.0 
896.0 691.0 -839.0 
313.0 908.0 576.0 
498.0 961.0 514.0 
-912.0 -828.0 766.0 
249.0 28.0 562.0 
157.0 60.0 -320.0 
-865.0 176.0 -279.0 
-247.0 -109.0 -226.0 
948.0 434.0 581.0 
286.0 816.0 -484.0 
400.0 646.0 333.0 
-234.0 398.0 661.0 
188.0 432.0 -162.0 
895.0 775.0 145.0 
738.0 628.0 -541.0 
-346.0 -862.0 815.0 
-986.0 -270.0 -316.0 
203.0 -254.0 302.0 
985.0 378.0 -389.0 
909.0 -373.0 -941.0 
-905.0 -414.0 -239.0 
-914.0 879.0 511.0 
736.0 365.0 -780.0 
64.0 -21.0 676.0 
-115.0 313.0 503.0 
-192.0 547.0 804.0 
668.0 -842.0 -215.0 
-495.0 718.0 -41.0 
176.0 234.0 666.0 
-55.0 -902.0 236.0 
-620.0 -360.0 -293.0 
410.0 -195.0 -929.0 
-988.0 -939.0 157.0 
835.0 -871.0 411.0 
-748.0 -237.0 -230.0 
-780.0 -892.0 199.0 
914.0 902.0 709.0 
-75.0 -985.0 -901.0 
932.0 483.0 -461.0 
853.0 -778.0 -491.0 
-809.0 231.0 -49.0 
382.0 -429.0 -889.0 
-349.0 -638.0 707.0 
-904.0 519.0 -576.0 
-803.0 -988.0 408.0 
-282.0 273.0 -718.0 
95.0 448.0 62.0 
537.0 429.0 -139.0 
46.0 -187.0 -477.0 
-966.0 151.0 -703.0 
851.0 975.0 108.0 
279.0 722.0 913.0 
-644.0 116.0 701.0 
-947.0 329.0 782.0 
-879.0 -391.0 -826.0 
-945.0 -154.0 170.0 
342.0 543.0 312.0 
308.0 658.0 109.0 
957.0 -168.0 26.0 
776.0 -752.0 735.0 
-195.0 -971.0 -124.0 
335.0 601.0 -58.0 
-808.0 997.0 859.0 
691.0 -5.0 861.0 
-452.0 696.0 -746.0 
-202.0 948.0 460.0 
596.0 674.0 -499.0 
-539.0 -147.0 829.0 
29.0 865.0 -758.0 
-600.0 -560.0 851.0 
400.0 -361.0 753.0 
501.0 -634.0 -333.0 
500.0 -253.0 -962.0 
437.0 -277.0 -340.0 
904.0 948.0 350.0 
48.0 806.0 594.0 
501.0 -986.0 -48.0 
-356.0 -879.0 819.0 
-957.0 -269.0 138.0 
-175.0 841.0 335.0 
878.0 256.0 -108.0 
-467.0 429.0 -466.0 
-835.0 235.0 -298.0 
743.0 -674.0 -251.0 
-633.0 204.0 423.0 
782.0 308.0 692.0 
-909.0 63.0 -478.0 
683.0 9.0 528.0 
110.0 914.0 281.0 
487.0 564.0 -250.0 
225.0 -915.0 722.0 
674.0 -670.0 -113.0 
484.0 -452.0 -610.0 
646.0 -693.0 -684.0 
931.0 -398.0 365.0 
-474.0 -79.0 604.0 
-693.0 649.0 672.0 
-174.0 -915.0 402.0 
248.0 460.0 72.0 
-454.0 761.0 -659.0 
364.0 411.0 512.0 
-907.0 539.0 891.0 
-925.0 -113.0 875.0 
-726.0 966.0 -30.0 
540.0 684.0 682.0 
-58.0 276.0 592.0 
316.0 -653.0 -573.0 
-727.0 -150.0 -685.0 
-400.0 -725.0 -602.0 
505.0 177.0 317.0 
695.0 855.0 -994.0 
406.0 842.0 -735.0 
-513.0 54.0 13.0 
-859.0 960.0 452.0 
388.0 173.0 791.0 
461.0 5.0 -512.0 
-915.0 443.0 436.0 
-501.0 -179.0 -664.0 
-756.0 -967.0 587.0 
766.0 -491.0 -104.0 
-876.0 -147.0 279.0 
-538.0 287.0 653.0 
995.0 -244.0 -487.0 
-218.0 259.0 414.0 
-291.0 153.0 459.0 
-650.0 599.0 4.0 
419.0 589.0 464.0 
550.0 652.0 -606.0 
-397.0 -143.0 -196.0 
334.0 93.0 -843.0 
-871.0 -517.0 482.0 
736.0 -564.0 -314.0 
-699.0 -64.0 216.0 
594.0 66.0 -818.0 
223.0 632.0 785.0 
821.0 -89.0 -354.0 
68.0 294.0 -173.0 
