-846.0 379.0 39.0 
255.0 -799.0 657.0 
-748.0 -803.0 -609.0 
-115.0 -662.0 -723.0 
-293.0 -727.0 571.0 
818.0 -775.0 170.0 
847.0 -715.0 -171.0 
-97.0 924.0 -812.0 
707.0 -923.0 -824.0 
-70.0 215.0 -700.0 
-727.0 301.0 -552.0 
740.0 779.0 -221.0 
164.0 -152.0 398.0 
-832.0 145.0 -589.0 
535.0 742.0 746.0 
354.0 -908.0 452.0 
389.0 -681.0 5.0 
-770.0 -443.0 557.0 
-201.0 -106.0 640.0 
424.0 -968.0 -305.0 
-819.0 629.0 418.0 
705.0 -182.0 35.0 
747.0 -403.0 290.0 
181.0 -811.0 283.0 
954.0 -186.0 -219.0 
-104.0 -130.0 -505.0 
761.0 834.0 -930.0 
-959.0 -693.0 242.0 
-350.0 -863.0 967.0 
940.0 61.0 -17.0 
828.0 -91.0 -877.0 
493.0 -526.0 536.0 
509.0 697.0 734.0 
-488.0 -29.0 -516.0 
944.0 30.0 -986.0 
-761.0 303.0 52.0 
0.0 80.0 -841.0 
8.0 -924.0 -162.0 
132.0 -143.0 607.0 
-136.0 305.0 656.0 
-506.0 -775.0 -789.0 
539.0 -936.0 -614.0 
966.0 537.0 37.0 
465.0 -569.0 -844.0 
-351.0 -643.0 460.0 
-87.0 369.0 437.0 
-536.0 -461.0 615.0 
-68.0 526.0 -60.0 
422.0 12.0 131.0 
-954.0 768.0 379.0 
938.0 123.0 143.0 
-26.0 -773.0 433.0 
-772.0 486.0 -179.0 
303.0 -487.0 -901.0 
-697.0 883.0 -759.0 
560.0 320.0 267.0 
-712.0 581.0 -722.0 
-109.0 40.0 -549.0 
589.0 474.0 43.0 
-236.0 -914.0 576.0 
-146.0 -248.0 -452.0 
609.0 -643.0 906.0 
47.0 304.0 957.0 
-985.0 594.0 434.0 
-256.0 -76.0 -241.0 
-463.0 -971.0 -898.0 
24.0 -704.0 547.0 
552.0 -638.0 -45.0 
620.0 430.0 457.0 
-123.0 -535.0 977.0 
979.0 944.0 672.0 
774.0 386.0 820.0 
302.0 -986.0 125.0 
-411.0 -930.0 -337.0 
771.0 -672.0 371.0 
-879.0 -888.0 -329.0 
729.0 383.0 497.0 
-926.0 -30.0 680.0 
370.0 164.0 -788.0 
-837.0 -621.0 -742.0 
-156.0 91.0 -65.0 
92.0 485.0 -455.0 
-475.0 -228.0 -436.0 
-534.0 744.0 -312.0 
455.0 124.0 -507.0 
-891.0 374.0 -542.0 
25.0 867.0 694.0 
694.0 441.0 -76.0 
143.0 -140.0 577.0 
-251.0 -719.0 -165.0 
-856.0 -409.0 115.0 
252.0 391.0 191.0 
249.0 -109.0 228.0 
509.0 -58.0 482.0 
118.0 -957.0 319.0 
-813.0 132.0 562.0 
221.0 372.0 -436.0 
242.0 877.0 943.0 
177.0 -294.0 570.0 
-476.0 -779.0 672.0 
469.0 666.0 37.0 
-163.0 831.0 731.0 
-97.0 808.0 312.0 
-677.0 850.0 179.0 
-729.0 558.0 355.0 
-717.0 -988.0 -968.0 
121.0 563.0 -843.0 
386.0 582.0 225.0 
-584.0 -503.0 -54.0 
70.0 761.0 -465.0 
-735.0 828.0 -985.0 
71.0 -655.0 -870.0 
-784.0 -547.0 604.0 
642.0 -558.0 -7.0 
785.0 659.0 -936.0 
535.0 994.0 -480.0 
356.0 190.0 93.0 
952.0 438.0 895.0 
-742.0 164.0 231.0 
77.0 -694.0 -7.0 
-836.0 -233.0 -114.0 
430.0 938.0 -939.0 
-8.0 577.0 734.0 
168.0 -790.0 -586.0 
-473.0 206.0 -431.0 
639.0 -341.0 194.0 
-654.0 -314.0 -816.0 
-570.0 680.0 231.0 
559.0 -566.0 -164.0 
-195.0 -136.0 141.0 
104.0 697.0 24.0 
-145.0 -635.0 -525.0 
804.0 -328.0 -426.0 
656.0 -441.0 -267.0 
-844.0 -135.0 652.0 
-412.0 897.0 -863.0 
662.0 592.0 219.0 
-107.0 -955.0 165.0 
-853.0 47.0 -856.0 
-306.0 688.0 -567.0 
960.0 751.0 936.0 
72.0 12.0 530.0 
687.0 -546.0 -313.0 
-555.0 357.0 -421.0 
600.0 739.0 124.0 
-182.0 36.0 -208.0 
487.0 -247.0 351.0 
-795.0 895.0 -707.0 
-928.0 -866.0 -930.0 
200.0 -424.0 -834.0 
-391.0 -940.0 986.0 
-613.0 -390.0 -682.0 
-621.0 283.0 735.0 
921.0 -421.0 -64.0 
475.0 208.0 433.0 
171.0 -127.0 697.0 
-53.0 20.0 -676.0 
923.0 477.0 -571.0 
273.0 645.0 -995.0 
-46.0 -662.0 932.0 
40.0 108.0 -850.0 
-439.0 536.0 944.0 
680.0 -590.0 577.0 
634.0 650.0 -787.0 
526.0 -777.0 918.0 
-623.0 -974.0 261.0 
-846.0 919.0 -744.0 
501.0 917.0 208.0 
-564.0 395.0 352.0 
-574.0 481.0 -96.0 
371.0 989.0 -187.0 
264.0 544.0 -383.0 
837.0 609.0 -6.0 
-351.0 223.0 617.0 
468.0 672.0 -260.0 
516.0 233.0 -69.0 
-188.0 -759.0 -738.0 
239.0 -247.0 885.0 
-245.0 678.0 657.0 
142.0 413.0 99.0 
44.0 555.0 -785.0 
669.0 -692.0 279.0 
158.0 -734.0 -143.0 
273.0 889.0 -150.0 
-709.0 827.0 -336.0 
136.0 868.0 -714.0 
-350.0 72.0 -756.0 
-789.0 -155.0 277.0 
-40.0 -150.0 -782.0 
446.0 -590.0 -256.0 
879.0 560.0 -898.0 
867.0 956.0 188.0 
-175.0 495.0 -982.0 
9.0 788.0 -814.0 
-536.0 518.0 -603.0 
337.0 546.0 -724.0 
659.0 -212.0 86.0 
66.0 298.0 -150.0 
262.0 126.0 -985.0 
445.0 49.0 476.0 
331.0 -729.0 256.0 
-914.0 -686.0 431.0 
-268.0 742.0 -136.0 
-563.0 -231.0 919.0 
-942.0 17.0 91.0 
-48.0 -982.0 -819.0 
-718.0 522.0 -791.0 
-532.0 -697.0 -623.0 
-373.0 657.0 736.0 
-223.0 170.0 -113.0 
-773.0 377.0 879.0 
-729.0 867.0 778.0 
469.0 -865.0 889.0 
815.0 886.0 217.0 
-261.0 876.0 41.0 
-360.0 -251.0 39.0 
522.0 555.0 762.0 
294.0 466.0 -645.0 
612.0 74.0 827.0 
337.0 49.0 -250.0 
-982.0 354.0 -166.0 
130.0 -598.0 649.0 
137.0 -389.0 -275.0 
-254.0 5.0 -461.0 
-28.0 517.0 212.0 
-23.0 870.0 -938.0 
174.0 297.0 -448.0 
764.0 -856.0 -114.0 
-262.0 -728.0 320.0 
687.0 361.0 256.0 
-733.0 -668.0 -897.0 
-157.0 -527.0 -311.0 
-527.0 -2.0 785.0 
-852.0 -164.0 -157.0 
749.0 -536.0 -329.0 
450.0 -176.0 -165.0 
-527.0 690.0 171.0 
533.0 -178.0 -624.0 
457.0 -148.0 -768.0 
12.0 634.0 184.0 
484.0 534.0 -717.0 
174.0 735.0 -150.0 
-832.0 -289.0 685.0 
242.0 -480.0 -975.0 
541.0 338.0 519.0 
-861.0 970.0 -88.0 
-348.0 -400.0 -859.0 
322.0 795.0 -613.0 
-735.0 -261.0 756.0 
-203.0 -969.0 149.0 
-967.0 -70.0 -41.0 
-62.0 72.0 486.0 
-413.0 -264.0 885.0 
-459.0 602.0 229.0 
-510.0 196.0 112.0 
192.0 -630.0 422.0 
-279.0 -779.0 821.0 
-732.0 58.0 722.0 
352.0 921.0 910.0 
-189.0 -745.0 -761.0 
749.0 988.0 533.0 
823.0 965.0 48.0 
151.0 565.0 -117.0 
-834.0 -542.0 767.0 
237.0 -537.0 832.0 
956.0 31.0 962.0 
536.0 -201.0 -882.0 
-230.0 262.0 630.0 
438.0 376.0 382.0 
-248.0 154.0 -335.0 
348.0 -270.0 -419.0 
-402.0 239.0 672.0 
-287.0 -828.0 -776.0 
-135.0 -955.0 -169.0 
-327.0 605.0 286.0 
674.0 -180.0 784.0 
91.0 378.0 -960.0 
606.0 468.0 543.0 
-502.0 -535.0 -161.0 
-135.0 657.0 348.0 
-685.0 -119.0 -281.0 
-819.0 -149.0 545.0 
173.0 748.0 324.0 
590.0 -300.0 -774.0 
279.0 661.0 90.0 
701.0 137.0 -534.0 
600.0 -822.0 -304.0 
995.0 -364.0 -600.0 
-307.0 -28.0 474.0 
-636.0 407.0 -902.0 
-59.0 -630.0 -749.0 
379.0 104.0 442.0 
-854.0 -669.0 450.0 
362.0 -364.0 648.0 
-836.0 -64.0 -676.0 
182.0 -123.0 -172.0 
-458.0 -700.0 -850.0 
405.0 304.0 -123.0 
-623.0 -708.0 -140.0 
908.0 343.0 -409.0 
-620.0 -163.0 593.0 
-20.0 187.0 -130.0 
-54.0 -63.0 191.0 
590.0 -186.0 -990.0 
-837.0 -572.0 -347.0 
-385.0 776.0 811.0 
-731.0 145.0 -996.0 
-483.0 374.0 -43.0 
-192.0 -57.0 859.0 
-665.0 679.0 827.0 
-270.0 -952.0 -554.0 
54.0 899.0 892.0 
-392.0 -753.0 266.0 
286.0 -904.0 706.0 
-281.0 -995.0 -935.0 
-491.0 481.0 -281.0 
719.0 85.0 804.0 
6.0 412.0 600.0 
-251.0 -851.0 -351.0 
-313.0 866.0 -136.0 
501.0 141.0 -721.0 
-707.0 905.0 776.0 
235.0 -779.0 936.0 
99.0 -141.0 -188.0 
-702.0 931.0 137.0 
763.0 727.0 691.0 
761.0 -151.0 -211.0 
-249.0 -108.0 -243.0 
978.0 131.0 498.0 
949.0 -695.0 -607.0 
-589.0 -626.0 743.0 
-503.0 -341.0 -435.0 
361.0 330.0 -200.0 
639.0 -126.0 -966.0 
-282.0 -141.0 -84.0 
943.0 334.0 -652.0 
370.0 526.0 -179.0 
-512.0 -329.0 -9.0 
24.0 -450.0 -82.0 
46.0 651.0 697.0 
633.0 -617.0 -191.0 
885.0 821.0 -381.0 
-928.0 -127.0 781.0 
924.0 774.0 -379.0 
376.0 616.0 -879.0 
587.0 353.0 878.0 
-99.0 712.0 -620.0 
886.0 -36.0 -320.0 
574.0 39.0 -275.0 
-513.0 -984.0 281.0 
655.0 760.0 540.0 
463.0 581.0 -372.0 
981.0 916.0 -312.0 
431.0 -659.0 1.0 
66.0 -355.0 -340.0 
446.0 -325.0 -228.0 
246.0 -696.0 -139.0 
63.0 59.0 270.0 
-24.0 469.0 429.0 
506.0 -936.0 -974.0 
377.0 88.0 863.0 
399.0 343.0 -772.0 
773.0 -335.0 -362.0 
-124.0 -9.0 678.0 
474.0 615.0 -335.0 
36.0 752.0 -209.0 
-898.0 -433.0 -454.0 
-555.0 -784.0 39.0 
-802.0 727.0 -416.0 
-236.0 -429.0 -657.0 
47.0 -687.0 -788.0 
881.0 967.0 -1.0 
884.0 -764.0 -492.0 
-945.0 -144.0 -999.0 
888.0 210.0 739.0 
639.0 -965.0 -232.0 
-498.0 489.0 301.0 
195.0 -567.0 -94.0 
618.0 898.0 936.0 
110.0 -806.0 504.0 
-439.0 876.0 797.0 
930.0 -995.0 -537.0 
861.0 -38.0 5.0 
-963.0 -124.0 -418.0 
453.0 -297.0 762.0 
487.0 -369.0 523.0 
-37.0 -954.0 433.0 
-748.0 202.0 805.0 
342.0 826.0 194.0 
-47.0 -491.0 -854.0 
-774.0 -974.0 -867.0 
-691.0 749.0 909.0 
174.0 460.0 78.0 
-639.0 -669.0 -393.0 
488.0 953.0 -891.0 
-607.0 -217.0 903.0 
-733.0 205.0 -667.0 
887.0 -643.0 733.0 
551.0 210.0 183.0 
-874.0 -635.0 -911.0 
-562.0 163.0 448.0 
-753.0 716.0 866.0 
-293.0 -998.0 -939.0 
539.0 -25.0 769.0 
-67.0 -384.0 860.0 
-694.0 100.0 253.0 
223.0 199.0 334.0 
-953.0 515.0 763.0 
163.0 -976.0 684.0 
-726.0 897.0 -586.0 
-835.0 278.0 -908.0 
-936.0 -607.0 395.0 
350.0 -943.0 -183.0 
870.0 87.0 867.0 
-814.0 337.0 582.0 
-838.0 597.0 660.0 
810.0 -428.0 5.0 
103.0 774.0 -451.0 
284.0 -586.0 -466.0 
274.0 957.0 695.0 
805.0 682.0 -64.0 
148.0 696.0 -992.0 
-274.0 404.0 -284.0 
789.0 -743.0 182.0 
-594.0 196.0 381.0 
-254.0 -117.0 -599.0 
-754.0 -403.0 -224.0 
318.0 382.0 -467.0 
-74.0 12.0 529.0 
-866.0 617.0 886.0 
139.0 209.0 150.0 
672.0 562.0 377.0 
-223.0 661.0 -969.0 
-191.0 316.0 833.0 
409.0 36.0 680.0 
-462.0 458.0 127.0 
-494.0 671.0 -80.0 
166.0 388.0 -134.0 
762.0 -317.0 -131.0 
853.0 241.0 -253.0 
-434.0 -566.0 -611.0 
-907.0 547.0 -828.0 
-472.0 -401.0 517.0 
-250.0 -437.0 268.0 
577.0 849.0 -652.0 
-845.0 887.0 -692.0 
-781.0 -688.0 -972.0 
519.0 232.0 132.0 
747.0 19.0 530.0 
108.0 -350.0 -327.0 
567.0 -263.0 -47.0 
-203.0 5.0 198.0 
589.0 662.0 -783.0 
589.0 661.0 799.0 
549.0 433.0 -701.0 
645.0 -996.0 120.0 
-752.0 183.0 -876.0 
-39.0 224.0 -633.0 
680.0 257.0 -197.0 
-980.0 756.0 -885.0 
178.0 -127.0 325.0 
-84.0 562.0 -530.0 
-405.0 46.0 846.0 
-775.0 -245.0 -215.0 
814.0 373.0 818.0 
-606.0 44.0 -173.0 
-608.0 -147.0 -898.0 
-830.0 322.0 -690.0 
995.0 -420.0 -19.0 
419.0 -141.0 31.0 
565.0 -660.0 -805.0 
-933.0 -254.0 475.0 
749.0 691.0 258.0 
797.0 146.0 91.0 
-218.0 115.0 -184.0 
414.0 382.0 887.0 
746.0 999.0 893.0 
-19.0 768.0 -202.0 
470.0 -463.0 -556.0 
-154.0 -819.0 610.0 
226.0 -441.0 288.0 
-486.0 -385.0 541.0 
481.0 23.0 711.0 
-132.0 -386.0 547.0 
-76.0 745.0 -372.0 
-829.0 163.0 -944.0 
-607.0 -732.0 518.0 
255.0 475.0 54.0 
863.0 776.0 -282.0 
892.0 492.0 865.0 
-290.0 -213.0 173.0 
-650.0 -827.0 636.0 
-992.0 -413.0 -576.0 
546.0 268.0 130.0 
362.0 -883.0 -265.0 
438.0 684.0 22.0 
-102.0 780.0 -951.0 
-533.0 -769.0 892.0 
-566.0 575.0 590.0 
405.0 812.0 189.0 
258.0 715.0 461.0 
401.0 593.0 -751.0 
226.0 26.0 603.0 
623.0 672.0 -136.0 
-525.0 975.0 -790.0 
958.0 661.0 -911.0 
-83.0 249.0 -555.0 
-485.0 -241.0 504.0 
354.0 -644.0 -324.0 
-11.0 -612.0 893.0 
924.0 862.0 942.0 
-389.0 489.0 -748.0 
980.0 -888.0 -367.0 
933.0 99.0 471.0 
155.0 -286.0 -705.0 
-113.0 -65.0 -694.0 
-881.0 123.0 659.0 
-942.0 940.0 -994.0 
37.0 111.0 102.0 
-836.0 -833.0 -770.0 
-401.0 293.0 -584.0 
-565.0 157.0 585.0 
98.0 -919.0 746.0 
-578.0 880.0 46.0 
-284.0 -820.0 391.0 
198.0 -656.0 434.0 
-334.0 -852.0 -997.0 
-997.0 44.0 -435.0 
597.0 511.0 158.0 
224.0 234.0 -54.0 
-525.0 627.0 894.0 
-185.0 -397.0 179.0 
-891.0 523.0 -607.0 
764.0 -142.0 -248.0 
-697.0 445.0 -897.0 
-358.0 -724.0 216.0 
-78.0 -398.0 -161.0 
-659.0 -42.0 790.0 
-154.0 -411.0 -119.0 
534.0 648.0 -997.0 
-402.0 712.0 339.0 
337.0 -808.0 730.0 
-973.0 387.0 -283.0 
386.0 -851.0 -236.0 
-862.0 -524.0 -835.0 
-633.0 583.0 966.0 
705.0 315.0 -469.0 
-232.0 -287.0 287.0 
-969.0 665.0 -102.0 
-768.0 -605.0 -343.0 
267.0 867.0 -947.0 
-431.0 -289.0 67.0 
-223.0 544.0 540.0 
574.0 -955.0 -947.0 
938.0 -670.0 -922.0 
40.0 -102.0 356.0 
-391.0 199.0 717.0 
-871.0 101.0 -727.0 
295.0 -770.0 -780.0 
138.0 230.0 -893.0 
-899.0 949.0 504.0 
-526.0 168.0 457.0 
350.0 374.0 531.0 
-299.0 360.0 897.0 
574.0 -35.0 -111.0 
-978.0 610.0 -520.0 
-690.0 151.0 323.0 
-303.0 -73.0 5.0 
821.0 -861.0 -792.0 
-265.0 -925.0 -206.0 
248.0 -349.0 589.0 
811.0 603.0 137.0 
-758.0 230.0 -884.0 
350.0 457.0 116.0 
-140.0 -454.0 -796.0 
105.0 -960.0 -57.0 
335.0 191.0 2.0 
195.0 -463.0 512.0 
-674.0 193.0 -516.0 
-581.0 -513.0 782.0 
-208.0 202.0 -739.0 
663.0 -43.0 -894.0 
-38.0 -149.0 618.0 
268.0 621.0 -433.0 
734.0 321.0 604.0 
-558.0 670.0 575.0 
-182.0 750.0 -125.0 
-265.0 949.0 -144.0 
822.0 -261.0 -430.0 
-720.0 -614.0 950.0 
863.0 315.0 -402.0 
455.0 226.0 -429.0 
-119.0 -19.0 -909.0 
-776.0 -762.0 840.0 
-726.0 -584.0 -877.0 
385.0 -711.0 -900.0 
6.0 852.0 -516.0 
240.0 65.0 765.0 
-959.0 -503.0 905.0 
-33.0 -595.0 681.0 
-346.0 -915.0 874.0 
-556.0 294.0 166.0 
-867.0 221.0 898.0 
496.0 -904.0 913.0 
-279.0 -985.0 582.0 
37.0 461.0 -367.0 
286.0 -424.0 -579.0 
-82.0 271.0 325.0 
747.0 549.0 -931.0 
-633.0 -720.0 -806.0 
-888.0 453.0 -546.0 
420.0 506.0 -191.0 
95.0 675.0 -638.0 
-211.0 -561.0 -490.0 
-321.0 -552.0 840.0 
74.0 -210.0 902.0 
592.0 81.0 207.0 
-185.0 -972.0 768.0 
579.0 -967.0 -522.0 
499.0 -405.0 -985.0 
353.0 9.0 -730.0 
146.0 -417.0 88.0 
-974.0 652.0 795.0 
62.0 -478.0 -981.0 
256.0 747.0 55.0 
178.0 412.0 -727.0 
-660.0 -565.0 785.0 
-704.0 324.0 349.0 
-935.0 -313.0 -543.0 
-764.0 -248.0 791.0 
-334.0 33.0 328.0 
171.0 -471.0 347.0 
-384.0 -659.0 179.0 
-4.0 525.0 -114.0 
922.0 209.0 -29.0 
-675.0 55.0 795.0 
513.0 -820.0 -313.0 
713.0 365.0 576.0 
-416.0 841.0 513.0 
405.0 -714.0 -966.0 
327.0 66.0 471.0 
516.0 356.0 147.0 
999.0 673.0 -404.0 
441.0 7.0 533.0 
-741.0 699.0 -889.0 
-578.0 -669.0 283.0 
403.0 722.0 95.0 
-715.0 -274.0 304.0 
-728.0 -929.0 90.0 
286.0 914.0 686.0 
858.0 -791.0 282.0 
633.0 618.0 -20.0 
-535.0 880.0 -347.0 
616.0 -617.0 575.0 
-372.0 150.0 -817.0 
-904.0 -383.0 178.0 
-333.0 -478.0 -740.0 
-642.0 -686.0 -346.0 
897.0 -876.0 -663.0 
-259.0 541.0 108.0 
-811.0 358.0 -151.0 
-314.0 -548.0 -566.0 
-863.0 327.0 -605.0 
782.0 -458.0 -919.0 
-305.0 -597.0 -867.0 
-817.0 441.0 211.0 
214.0 -810.0 -218.0 
-405.0 -953.0 599.0 
934.0 -999.0 633.0 
-506.0 -266.0 449.0 
261.0 -892.0 -518.0 
103.0 379.0 -640.0 
553.0 20.0 -662.0 
589.0 -540.0 851.0 
-112.0 -623.0 889.0 
-53.0 -962.0 -731.0 
-636.0 333.0 462.0 
692.0 926.0 988.0 
-910.0 -998.0 -974.0 
951.0 234.0 -937.0 
793.0 499.0 8.0 
-250.0 -315.0 110.0 
-784.0 -596.0 323.0 
-151.0 470.0 -657.0 
-550.0 -300.0 625.0 
-819.0 849.0 771.0 
458.0 -77.0 -646.0 
-681.0 -695.0 486.0 
290.0 304.0 -939.0 
837.0 -343.0 172.0 
-422.0 -405.0 200.0 
741.0 -936.0 267.0 
315.0 -288.0 65.0 
-81.0 -290.0 55.0 
-914.0 848.0 -37.0 
883.0 -246.0 950.0 
-483.0 -314.0 -807.0 
-269.0 419.0 -274.0 
487.0 138.0 141.0 
850.0 -23.0 -959.0 
497.0 868.0 -785.0 
-383.0 753.0 -566.0 
-718.0 -523.0 -366.0 
-851.0 839.0 -640.0 
-404.0 -597.0 -524.0 
-677.0 412.0 -77.0 
-466.0 -463.0 713.0 
735.0 965.0 170.0 
444.0 698.0 -13.0 
-315.0 249.0 444.0 
128.0 -472.0 621.0 
-243.0 463.0 -66.0 
-717.0 -300.0 -731.0 
778.0 -752.0 15.0 
-850.0 990.0 -715.0 
-547.0 -19.0 -276.0 
-862.0 -686.0 -366.0 
58.0 -318.0 548.0 
-210.0 755.0 250.0 
38.0 -488.0 32.0 
-8.0 913.0 -431.0 
-30.0 148.0 506.0 
362.0 941.0 -298.0 
-397.0 -101.0 236.0 
-868.0 15.0 -87.0 
395.0 -341.0 263.0 
-689.0 -407.0 -93.0 
-493.0 -949.0 654.0 
987.0 926.0 103.0 
-407.0 405.0 -991.0 
447.0 -194.0 -274.0 
-920.0 36.0 -670.0 
757.0 495.0 620.0 
-75.0 81.0 720.0 
-130.0 -993.0 -824.0 
776.0 420.0 -276.0 
440.0 19.0 381.0 
-121.0 806.0 -84.0 
-911.0 -796.0 -365.0 
12.0 144.0 35.0 
278.0 253.0 524.0 
-828.0 -18.0 -983.0 
208.0 982.0 -267.0 
-579.0 488.0 -855.0 
-358.0 915.0 516.0 
461.0 -275.0 714.0 
-161.0 -228.0 333.0 
-156.0 -81.0 258.0 
828.0 -718.0 183.0 
481.0 589.0 998.0 
318.0 -658.0 336.0 
-496.0 -54.0 -463.0 
-441.0 -889.0 -257.0 
-390.0 -147.0 739.0 
944.0 673.0 634.0 
-574.0 177.0 -937.0 
904.0 -923.0 -905.0 
519.0 -931.0 -588.0 
967.0 -148.0 -693.0 
621.0 17.0 88.0 
317.0 582.0 -43.0 
143.0 -853.0 293.0 
-665.0 -896.0 908.0 
331.0 -228.0 -723.0 
-564.0 -712.0 -366.0 
-435.0 -935.0 407.0 
69.0 -532.0 -605.0 
973.0 443.0 338.0 
577.0 426.0 -466.0 
-772.0 923.0 -52.0 
577.0 -694.0 790.0 
-774.0 52.0 701.0 
959.0 -812.0 -525.0 
507.0 991.0 485.0 
931.0 114.0 -691.0 
-845.0 928.0 -391.0 
-910.0 -960.0 -472.0 
-554.0 571.0 -759.0 
-550.0 117.0 713.0 
904.0 920.0 302.0 
-67.0 -147.0 170.0 
791.0 831.0 -312.0 
-389.0 -167.0 529.0 
786.0 100.0 -805.0 
488.0 79.0 185.0 
847.0 -703.0 16.0 
525.0 -840.0 173.0 
422.0 660.0 440.0 
921.0 -830.0 342.0 
803.0 -542.0 739.0 
-217.0 -273.0 795.0 
-196.0 988.0 105.0 
-724.0 -456.0 -603.0 
591.0 936.0 208.0 
859.0 -852.0 229.0 
482.0 993.0 -744.0 
426.0 -766.0 433.0 
664.0 478.0 635.0 
348.0 564.0 803.0 
466.0 703.0 -981.0 
697.0 -978.0 699.0 
443.0 -194.0 282.0 
220.0 -251.0 167.0 
63.0 243.0 -918.0 
-295.0 -98.0 826.0 
311.0 -310.0 213.0 
-108.0 -267.0 887.0 
565.0 396.0 630.0 
986.0 -706.0 -981.0 
106.0 -937.0 -113.0 
-415.0 935.0 712.0 
-773.0 740.0 -738.0 
710.0 -507.0 -880.0 
138.0 262.0 -79.0 
-269.0 -592.0 990.0 
654.0 804.0 510.0 
81.0 -271.0 173.0 
978.0 -325.0 211.0 
345.0 -313.0 847.0 
-561.0 -313.0 -642.0 
659.0 -183.0 266.0 
566.0 -840.0 -823.0 
678.0 -36.0 436.0 
645.0 280.0 -541.0 
626.0 312.0 -207.0 
408.0 -888.0 -726.0 
487.0 590.0 -442.0 
-420.0 -316.0 -272.0 
-506.0 -714.0 259.0 
32.0 -363.0 869.0 
34.0 -983.0 -429.0 
-309.0 184.0 -939.0 
366.0 747.0 -947.0 
256.0 137.0 -592.0 
438.0 279.0 -304.0 
-83.0 318.0 517.0 
103.0 2.0 567.0 
-164.0 -35.0 -322.0 
-51.0 543.0 -52.0 
941.0 263.0 -207.0 
-916.0 -420.0 932.0 
563.0 -786.0 -62.0 
-75.0 525.0 920.0 
425.0 474.0 942.0 
-886.0 471.0 -445.0 
205.0 461.0 -228.0 
-447.0 -368.0 -501.0 
-905.0 121.0 427.0 
-734.0 901.0 631.0 
-757.0 781.0 -681.0 
564.0 -103.0 391.0 
-910.0 -250.0 -656.0 
-328.0 -602.0 718.0 
425.0 -750.0 628.0 
-837.0 54.0 -741.0 
-679.0 814.0 -589.0 
76.0 595.0 68.0 
265.0 916.0 577.0 
533.0 -626.0 445.0 
-783.0 760.0 -756.0 
-371.0 383.0 246.0 
-115.0 -422.0 538.0 
-854.0 -706.0 166.0 
-609.0 63.0 -870.0 
466.0 -319.0 488.0 
-820.0 -796.0 -934.0 
909.0 620.0 -584.0 
898.0 -372.0 565.0 
669.0 -248.0 646.0 
537.0 -315.0 -729.0 
-761.0 567.0 -406.0 
821.0 342.0 -783.0 
-852.0 774.0 339.0 
301.0 337.0 680.0 
569.0 -244.0 168.0 
-47.0 557.0 -901.0 
501.0 584.0 956.0 
-838.0 162.0 965.0 
164.0 -508.0 -302.0 
-829.0 290.0 -159.0 
532.0 -10.0 -282.0 
487.0 -986.0 169.0 
559.0 865.0 -835.0 
-816.0 -572.0 -61.0 
37.0 342.0 -771.0 
342.0 184.0 -578.0 
790.0 -692.0 -505.0 
-228.0 -223.0 -104.0 
724.0 264.0 -390.0 
502.0 -104.0 -902.0 
289.0 -263.0 555.0 
-921.0 -64.0 -152.0 
-803.0 502.0 -662.0 
-298.0 -652.0 754.0 
145.0 64.0 -413.0 
747.0 435.0 -913.0 
-555.0 238.0 654.0 
-193.0 -71.0 346.0 
-976.0 139.0 -915.0 
-423.0 -324.0 -35.0 
914.0 -82.0 -580.0 
-134.0 891.0 -542.0 
-900.0 470.0 -934.0 
749.0 -681.0 616.0 
-159.0 -660.0 -876.0 
-43.0 -72.0 64.0 
-187.0 161.0 853.0 
956.0 51.0 -905.0 
310.0 -432.0 850.0 
-81.0 -435.0 651.0 
189.0 92.0 -220.0 
-620.0 -321.0 128.0 
429.0 103.0 297.0 
-396.0 -459.0 224.0 
853.0 346.0 741.0 
122.0 -447.0 -505.0 
-326.0 -398.0 758.0 
10.0 628.0 -788.0 
-770.0 765.0 -288.0 
562.0 -913.0 -780.0 
797.0 967.0 -908.0 
898.0 -575.0 -986.0 
-771.0 41.0 -389.0 
-108.0 -932.0 -567.0 
709.0 578.0 11.0 
-610.0 21.0 -189.0 
212.0 861.0 -391.0 
38.0 -54.0 -92.0 
24.0 -163.0 187.0 
847.0 -604.0 -728.0 
-135.0 422.0 747.0 
432.0 282.0 -978.0 
-169.0 -441.0 5.0 
-96.0 329.0 -988.0 
-84.0 512.0 -778.0 
931.0 257.0 697.0 
895.0 -567.0 -193.0 
401.0 -599.0 454.0 
456.0 -920.0 -158.0 
802.0 -672.0 -848.0 
-579.0 430.0 -12.0 
193.0 130.0 -525.0 
-671.0 -274.0 505.0 
662.0 333.0 942.0 
52.0 -752.0 209.0 
91.0 793.0 816.0 
-213.0 860.0 -51.0 
977.0 246.0 -521.0 
-304.0 658.0 15.0 
555.0 688.0 -447.0 
-859.0 445.0 52.0 
-191.0 994.0 777.0 
246.0 179.0 -380.0 
-512.0 510.0 948.0 
-220.0 106.0 -36.0 
597.0 433.0 -332.0 
-36.0 55.0 -461.0 
-835.0 -377.0 -758.0 
466.0 506.0 553.0 
552.0 -747.0 -313.0 
720.0 -312.0 -510.0 
-584.0 -553.0 -486.0 
584.0 -591.0 112.0 
634.0 -199.0 971.0 
-471.0 59.0 -767.0 
-406.0 466.0 560.0 
-959.0 -714.0 385.0 
-809.0 -422.0 569.0 
-158.0 494.0 393.0 
355.0 -680.0 647.0 
5.0 -811.0 -698.0 
-552.0 206.0 -86.0 
908.0 801.0 128.0 
-263.0 -833.0 -574.0 
-64.0 742.0 469.0 
392.0 -837.0 -29.0 
936.0 -476.0 81.0 
767.0 -994.0 830.0 
511.0 -408.0 216.0 
-678.0 -838.0 -292.0 
597.0 -959.0 -303.0 
734.0 344.0 205.0 
104.0 476.0 -539.0 
-894.0 -352.0 680.0 
-595.0 -4.0 -939.0 
844.0 727.0 -622.0 
-726.0 -898.0 -9.0 
369.0 -906.0 -542.0 
399.0 -700.0 -875.0 
-666.0 -537.0 -542.0 
513.0 -440.0 106.0 
937.0 -187.0 -708.0 
-851.0 604.0 -995.0 
-56.0 -592.0 -381.0 
886.0 -873.0 144.0 
-476.0 298.0 -802.0 
418.0 249.0 -819.0 
242.0 24.0 924.0 
-951.0 741.0 -607.0 
448.0 871.0 15.0 
