-276.0 85.0 223.0 
-774.0 -228.0 -577.0 
387.0 -975.0 -170.0 
-606.0 3.0 -843.0 
-287.0 -37.0 -539.0 
334.0 695.0 923.0 
502.0 789.0 -147.0 
445.0 514.0 -686.0 
-847.0 -690.0 -937.0 
810.0 743.0 -703.0 
-287.0 885.0 -341.0 
214.0 619.0 -891.0 
-746.0 508.0 694.0 
244.0 -647.0 111.0 
-187.0 -888.0 -89.0 
-489.0 -70.0 -372.0 
130.0 -370.0 709.0 
-183.0 252.0 427.0 
-469.0 -742.0 951.0 
369.0 910.0 -259.0 
-336.0 -747.0 149.0 
519.0 563.0 372.0 
-76.0 686.0 182.0 
-307.0 931.0 -867.0 
28.0 -680.0 -490.0 
537.0 730.0 494.0 
485.0 -672.0 943.0 
-147.0 -423.0 873.0 
-459.0 -618.0 -353.0 
157.0 -550.0 855.0 
-710.0 -537.0 386.0 
-227.0 58.0 -343.0 
-319.0 697.0 -882.0 
-386.0 -857.0 -172.0 
504.0 -800.0 -478.0 
885.0 761.0 -851.0 
92.0 -532.0 586.0 
371.0 -975.0 -411.0 
847.0 444.0 335.0 
-909.0 93.0 312.0 
-887.0 -456.0 -116.0 
-448.0 -399.0 -952.0 
106.0 599.0 278.0 
-558.0 780.0 514.0 
918.0 404.0 79.0 
619.0 480.0 704.0 
662.0 744.0 570.0 
111.0 45.0 -848.0 
-350.0 550.0 -556.0 
-107.0 -602.0 -109.0 
134.0 832.0 90.0 
-206.0 -799.0 -565.0 
-917.0 -160.0 -233.0 
-880.0 -885.0 422.0 
39.0 789.0 420.0 
-33.0 -289.0 555.0 
-260.0 696.0 230.0 
-857.0 941.0 908.0 
-788.0 -434.0 301.0 
-216.0 811.0 281.0 
-181.0 392.0 -459.0 
-707.0 31.0 446.0 
264.0 -795.0 416.0 
725.0 289.0 -865.0 
-574.0 77.0 135.0 
996.0 637.0 -36.0 
140.0 -718.0 -288.0 
965.0 63.0 748.0 
579.0 545.0 -172.0 
587.0 124.0 -767.0 
-648.0 -200.0 -321.0 
-352.0 -903.0 193.0 
489.0 84.0 228.0 
-163.0 -693.0 428.0 
599.0 444.0 255.0 
745.0 536.0 -718.0 
935.0 244.0 -182.0 
563.0 -769.0 -679.0 
975.0 -208.0 -885.0 
241.0 598.0 -475.0 
115.0 93.0 -513.0 
-785.0 699.0 -223.0 
255.0 941.0 297.0 
-704.0 -137.0 152.0 
-436.0 682.0 -520.0 
-813.0 791.0 925.0 
-180.0 708.0 988.0 
-272.0 494.0 133.0 
457.0 542.0 237.0 
-779.0 104.0 719.0 
292.0 -129.0 -680.0 
-813.0 585.0 -121.0 
241.0 292.0 602.0 
-878.0 -489.0 823.0 
-362.0 743.0 -720.0 
313.0 -8.0 -947.0 
-307.0 -877.0 -748.0 
739.0 -687.0 337.0 
-741.0 -24.0 -792.0 
-639.0 36.0 -828.0 
-919.0 952.0 -245.0 
-960.0 441.0 -231.0 
537.0 195.0 741.0 
951.0 741.0 784.0 
-140.0 -431.0 861.0 
-438.0 -575.0 -771.0 
-268.0 -862.0 -361.0 
-119.0 -517.0 -841.0 
275.0 711.0 725.0 
290.0 -309.0 647.0 
-44.0 310.0 276.0 
-64.0 426.0 -594.0 
-585.0 -170.0 -327.0 
-148.0 -840.0 177.0 
-798.0 756.0 -71.0 
-525.0 716.0 -988.0 
-52.0 369.0 36.0 
-766.0 488.0 596.0 
-903.0 -230.0 792.0 
790.0 -470.0 -412.0 
606.0 -684.0 -966.0 
344.0 -125.0 629.0 
-757.0 567.0 -769.0 
-809.0 475.0 -107.0 
-983.0 31.0 126.0 
853.0 390.0 539.0 
-194.0 326.0 -234.0 
848.0 409.0 -866.0 
-822.0 483.0 -717.0 
-633.0 -467.0 929.0 
-254.0 289.0 -837.0 
775.0 -412.0 -790.0 
443.0 44.0 686.0 
-580.0 809.0 -125.0 
-890.0 -621.0 630.0 
535.0 786.0 -401.0 
-953.0 339.0 -727.0 
391.0 -579.0 938.0 
186.0 847.0 -553.0 
-525.0 817.0 496.0 
-187.0 -734.0 631.0 
-278.0 -701.0 -828.0 
202.0 353.0 -440.0 
-603.0 -597.0 271.0 
979.0 353.0 187.0 
-254.0 -975.0 907.0 
985.0 188.0 701.0 
-395.0 636.0 -262.0 
-150.0 -666.0 -44.0 
107.0 8.0 325.0 
-427.0 433.0 391.0 
-687.0 -741.0 675.0 
506.0 -334.0 -701.0 
515.0 70.0 585.0 
538.0 614.0 -519.0 
-790.0 -943.0 -470.0 
-16.0 512.0 -879.0 
871.0 544.0 339.0 
527.0 -943.0 -560.0 
616.0 71.0 394.0 
-966.0 900.0 351.0 
-288.0 -730.0 -543.0 
529.0 357.0 403.0 
-184.0 882.0 -524.0 
-750.0 -316.0 390.0 
-524.0 26.0 -405.0 
-561.0 38.0 288.0 
-912.0 -313.0 -250.0 
717.0 852.0 683.0 
-767.0 -410.0 -887.0 
258.0 367.0 798.0 
-25.0 616.0 -286.0 
-954.0 -259.0 -813.0 
14.0 -571.0 441.0 
-393.0 -850.0 835.0 
-218.0 744.0 776.0 
-630.0 -593.0 789.0 
599.0 -209.0 382.0 
-30.0 519.0 -349.0 
-435.0 -924.0 822.0 
542.0 -354.0 -361.0 
-604.0 -514.0 350.0 
43.0 420.0 -925.0 
-55.0 222.0 476.0 
-332.0 -64.0 -759.0 
601.0 476.0 -766.0 
367.0 329.0 -36.0 
700.0 458.0 -36.0 
928.0 -423.0 792.0 
-152.0 -340.0 -125.0 
432.0 718.0 501.0 
-769.0 -60.0 170.0 
-49.0 149.0 846.0 
-306.0 -666.0 -223.0 
-407.0 800.0 563.0 
-166.0 -717.0 938.0 
-221.0 451.0 -940.0 
631.0 -624.0 277.0 
961.0 -592.0 -874.0 
15.0 43.0 986.0 
569.0 -982.0 -606.0 
-346.0 597.0 301.0 
-370.0 638.0 510.0 
-921.0 448.0 876.0 
402.0 -426.0 -331.0 
-305.0 198.0 -27.0 
-920.0 2.0 -989.0 
-654.0 397.0 -290.0 
654.0 -681.0 -86.0 
632.0 985.0 98.0 
-243.0 -96.0 -962.0 
-58.0 -905.0 466.0 
-175.0 -227.0 553.0 
-24.0 -201.0 -517.0 
-148.0 93.0 -885.0 
529.0 -730.0 163.0 
152.0 -976.0 -118.0 
-177.0 -690.0 226.0 
943.0 -728.0 174.0 
436.0 577.0 490.0 
237.0 -576.0 481.0 
987.0 -30.0 -533.0 
33.0 -333.0 -546.0 
-232.0 -624.0 630.0 
-54.0 -422.0 89.0 
308.0 -376.0 -788.0 
-620.0 854.0 -380.0 
393.0 182.0 -297.0 
907.0 -467.0 614.0 
-768.0 680.0 280.0 
-157.0 3.0 323.0 
-384.0 -242.0 963.0 
-966.0 -830.0 -652.0 
353.0 998.0 776.0 
-425.0 837.0 529.0 
-314.0 730.0 -147.0 
827.0 -914.0 -351.0 
-767.0 -160.0 665.0 
264.0 -397.0 73.0 
-22.0 116.0 -178.0 
-360.0 168.0 381.0 
675.0 -516.0 354.0 
808.0 842.0 479.0 
38.0 674.0 762.0 
-639.0 467.0 813.0 
-63.0 -499.0 88.0 
-194.0 33.0 -863.0 
-758.0 426.0 626.0 
774.0 -815.0 -255.0 
-330.0 872.0 -980.0 
757.0 -913.0 -713.0 
-426.0 306.0 -130.0 
224.0 -446.0 562.0 
874.0 55.0 -787.0 
-100.0 -893.0 -956.0 
595.0 556.0 -824.0 
979.0 -863.0 134.0 
316.0 -752.0 -627.0 
815.0 -57.0 -92.0 
-190.0 917.0 -107.0 
322.0 -690.0 -800.0 
-918.0 746.0 -85.0 
13.0 -709.0 -100.0 
846.0 736.0 -330.0 
-402.0 -25.0 30.0 
-180.0 -359.0 905.0 
226.0 75.0 887.0 
-312.0 44.0 91.0 
-702.0 987.0 -738.0 
-706.0 -190.0 -113.0 
554.0 -722.0 -39.0 
997.0 761.0 -386.0 
-121.0 378.0 -282.0 
-787.0 184.0 562.0 
-45.0 11.0 -953.0 
-613.0 -963.0 553.0 
-215.0 397.0 -983.0 
129.0 208.0 707.0 
246.0 -361.0 884.0 
-546.0 -514.0 -780.0 
-592.0 927.0 583.0 
-606.0 946.0 594.0 
349.0 -841.0 -744.0 
533.0 -879.0 -400.0 
725.0 -597.0 676.0 
906.0 -424.0 -738.0 
255.0 370.0 331.0 
-935.0 6.0 167.0 
-474.0 767.0 -148.0 
-534.0 670.0 200.0 
-865.0 -994.0 -478.0 
-252.0 143.0 -709.0 
-799.0 -508.0 417.0 
-449.0 -447.0 -336.0 
-552.0 754.0 -992.0 
-453.0 -93.0 -211.0 
595.0 -768.0 -660.0 
259.0 357.0 566.0 
69.0 782.0 113.0 
625.0 -987.0 555.0 
666.0 -98.0 -372.0 
610.0 -534.0 -795.0 
-896.0 -585.0 956.0 
857.0 -989.0 -861.0 
499.0 366.0 854.0 
941.0 -926.0 945.0 
-869.0 241.0 -705.0 
-140.0 683.0 -42.0 
526.0 643.0 260.0 
-156.0 285.0 -151.0 
274.0 587.0 470.0 
633.0 -773.0 -859.0 
828.0 273.0 -390.0 
-602.0 645.0 -160.0 
780.0 993.0 84.0 
-436.0 -947.0 -10.0 
-751.0 -562.0 -592.0 
25.0 898.0 -701.0 
-314.0 764.0 594.0 
488.0 -615.0 934.0 
93.0 -144.0 -374.0 
-888.0 91.0 371.0 
-751.0 402.0 327.0 
243.0 -878.0 -564.0 
769.0 460.0 -354.0 
-616.0 -97.0 -133.0 
-561.0 308.0 -446.0 
-74.0 -627.0 77.0 
-722.0 -101.0 491.0 
-906.0 63.0 670.0 
-665.0 -116.0 689.0 
-117.0 -799.0 743.0 
889.0 995.0 704.0 
-365.0 -755.0 48.0 
-491.0 466.0 867.0 
991.0 -375.0 -28.0 
228.0 -138.0 -637.0 
918.0 168.0 386.0 
-600.0 749.0 492.0 
235.0 729.0 -154.0 
-647.0 -647.0 -520.0 
-729.0 715.0 876.0 
724.0 123.0 -77.0 
-447.0 -883.0 464.0 
945.0 803.0 -334.0 
986.0 354.0 -127.0 
123.0 -888.0 -497.0 
372.0 63.0 -698.0 
-669.0 -747.0 -932.0 
-552.0 125.0 184.0 
-410.0 -485.0 290.0 
-703.0 -490.0 481.0 
-641.0 282.0 250.0 
-910.0 -395.0 201.0 
281.0 828.0 816.0 
-639.0 155.0 -313.0 
-865.0 -291.0 946.0 
-900.0 457.0 257.0 
623.0 -728.0 6.0 
-3.0 537.0 355.0 
-246.0 946.0 525.0 
-865.0 -126.0 990.0 
-108.0 787.0 704.0 
-161.0 659.0 -684.0 
561.0 125.0 -997.0 
249.0 773.0 -294.0 
668.0 -693.0 -430.0 
-22.0 -536.0 -336.0 
716.0 197.0 -925.0 
49.0 595.0 732.0 
689.0 188.0 815.0 
-228.0 -98.0 870.0 
927.0 -150.0 100.0 
510.0 832.0 -711.0 
-145.0 -804.0 -626.0 
532.0 11.0 -243.0 
85.0 -773.0 -757.0 
289.0 46.0 572.0 
-623.0 442.0 -311.0 
578.0 -185.0 209.0 
465.0 99.0 311.0 
-27.0 -116.0 -203.0 
-692.0 -848.0 -613.0 
-727.0 -515.0 582.0 
210.0 -313.0 684.0 
45.0 -459.0 -220.0 
-794.0 -595.0 396.0 
-457.0 -625.0 66.0 
37.0 -12.0 -675.0 
-217.0 496.0 -679.0 
-966.0 -370.0 62.0 
769.0 706.0 197.0 
509.0 780.0 957.0 
961.0 -888.0 15.0 
-940.0 680.0 -299.0 
610.0 -515.0 -573.0 
331.0 910.0 54.0 
-482.0 -390.0 -710.0 
592.0 482.0 130.0 
369.0 -277.0 468.0 
-141.0 921.0 -612.0 
-15.0 -808.0 -629.0 
-495.0 446.0 -233.0 
-551.0 -742.0 -868.0 
-855.0 -532.0 265.0 
460.0 719.0 33.0 
-608.0 705.0 -203.0 
-565.0 379.0 901.0 
293.0 302.0 960.0 
804.0 -957.0 247.0 
-314.0 -638.0 -300.0 
350.0 413.0 -215.0 
89.0 49.0 40.0 
92.0 -372.0 96.0 
868.0 40.0 129.0 
-369.0 -814.0 460.0 
260.0 98.0 151.0 
-863.0 -310.0 -138.0 
-711.0 925.0 -673.0 
560.0 -869.0 28.0 
656.0 -667.0 -167.0 
329.0 544.0 -232.0 
873.0 -970.0 424.0 
105.0 578.0 252.0 
885.0 533.0 -18.0 
874.0 193.0 532.0 
930.0 -25.0 690.0 
-662.0 63.0 152.0 
-4.0 721.0 -379.0 
20.0 471.0 -742.0 
-518.0 677.0 -964.0 
19.0 -565.0 684.0 
-677.0 335.0 -832.0 
181.0 -560.0 391.0 
934.0 462.0 -350.0 
-979.0 733.0 619.0 
-797.0 323.0 732.0 
33.0 339.0 -48.0 
433.0 -422.0 -324.0 
439.0 -443.0 423.0 
102.0 707.0 585.0 
580.0 50.0 -44.0 
73.0 -272.0 786.0 
-802.0 -197.0 30.0 
-536.0 455.0 -136.0 
-995.0 -214.0 535.0 
-447.0 -236.0 -466.0 
-937.0 515.0 -714.0 
234.0 411.0 -793.0 
-289.0 -718.0 844.0 
420.0 990.0 653.0 
797.0 989.0 -196.0 
545.0 224.0 -209.0 
-816.0 502.0 -611.0 
-482.0 -39.0 -481.0 
-416.0 -415.0 632.0 
1.0 -967.0 885.0 
426.0 -569.0 244.0 
902.0 -983.0 324.0 
-985.0 917.0 -399.0 
-684.0 -979.0 -446.0 
-352.0 -82.0 -938.0 
40.0 -719.0 -973.0 
330.0 365.0 -914.0 
990.0 274.0 121.0 
358.0 -203.0 212.0 
-502.0 -107.0 426.0 
784.0 -229.0 -316.0 
21.0 558.0 -723.0 
508.0 -896.0 -560.0 
718.0 719.0 363.0 
-943.0 -77.0 -37.0 
500.0 -286.0 92.0 
937.0 526.0 691.0 
32.0 389.0 -145.0 
538.0 -762.0 553.0 
584.0 -975.0 -296.0 
748.0 242.0 68.0 
72.0 -11.0 430.0 
582.0 -69.0 376.0 
522.0 -917.0 360.0 
-593.0 -513.0 -159.0 
-557.0 -132.0 58.0 
-771.0 -173.0 -203.0 
534.0 133.0 441.0 
418.0 -444.0 384.0 
633.0 86.0 -622.0 
772.0 -48.0 589.0 
490.0 647.0 430.0 
-731.0 -532.0 -244.0 
-735.0 697.0 860.0 
718.0 513.0 -627.0 
327.0 447.0 816.0 
773.0 566.0 992.0 
-490.0 -328.0 -190.0 
-577.0 687.0 542.0 
359.0 -576.0 969.0 
399.0 -66.0 276.0 
-817.0 -857.0 271.0 
-440.0 -236.0 -12.0 
-772.0 163.0 445.0 
-47.0 567.0 -866.0 
-777.0 -181.0 712.0 
-69.0 -384.0 -176.0 
-533.0 75.0 373.0 
-976.0 861.0 -467.0 
-547.0 819.0 -62.0 
-192.0 -548.0 -752.0 
-833.0 903.0 928.0 
139.0 -753.0 994.0 
696.0 629.0 316.0 
-123.0 -473.0 136.0 
667.0 -376.0 207.0 
660.0 -174.0 -489.0 
64.0 497.0 -497.0 
980.0 107.0 -901.0 
-933.0 -573.0 867.0 
-896.0 845.0 -955.0 
740.0 -484.0 520.0 
-564.0 -790.0 -85.0 
53.0 -970.0 635.0 
-713.0 -950.0 -695.0 
-493.0 -490.0 -529.0 
-310.0 -607.0 481.0 
925.0 435.0 966.0 
123.0 310.0 -10.0 
-391.0 4.0 358.0 
-371.0 525.0 -396.0 
48.0 5.0 -34.0 
394.0 -597.0 -240.0 
860.0 907.0 -780.0 
-494.0 298.0 -764.0 
113.0 471.0 78.0 
91.0 411.0 605.0 
-217.0 -718.0 703.0 
-999.0 176.0 779.0 
-710.0 614.0 -908.0 
-629.0 -519.0 -337.0 
726.0 815.0 -360.0 
-390.0 599.0 545.0 
139.0 -431.0 -875.0 
-277.0 180.0 430.0 
350.0 204.0 851.0 
-970.0 632.0 -371.0 
-829.0 232.0 -679.0 
-427.0 322.0 858.0 
864.0 121.0 -214.0 
-13.0 -364.0 162.0 
446.0 704.0 752.0 
421.0 -652.0 -177.0 
189.0 605.0 -238.0 
-190.0 -885.0 -97.0 
-380.0 -942.0 906.0 
78.0 189.0 561.0 
-2.0 -834.0 874.0 
-908.0 -754.0 427.0 
-22.0 -701.0 -614.0 
-115.0 -777.0 910.0 
-756.0 399.0 -408.0 
-804.0 -774.0 274.0 
285.0 363.0 -875.0 
-790.0 -703.0 242.0 
377.0 -620.0 11.0 
212.0 213.0 -746.0 
328.0 576.0 -237.0 
877.0 138.0 434.0 
303.0 368.0 -318.0 
692.0 -504.0 96.0 
758.0 902.0 992.0 
-282.0 379.0 -233.0 
-314.0 -2.0 28.0 
998.0 -996.0 -924.0 
-460.0 -960.0 -202.0 
355.0 -161.0 -545.0 
631.0 -699.0 526.0 
-988.0 -502.0 550.0 
-25.0 610.0 -839.0 
661.0 -408.0 -76.0 
369.0 64.0 872.0 
-714.0 795.0 990.0 
237.0 -15.0 -849.0 
-995.0 -972.0 526.0 
-798.0 -680.0 220.0 
869.0 -418.0 -4.0 
-304.0 273.0 -865.0 
458.0 -549.0 -918.0 
665.0 424.0 944.0 
-82.0 305.0 -112.0 
134.0 887.0 539.0 
-622.0 275.0 995.0 
232.0 712.0 888.0 
-801.0 -798.0 957.0 
-155.0 889.0 -731.0 
-863.0 31.0 -448.0 
699.0 532.0 280.0 
-508.0 -435.0 420.0 
203.0 183.0 -211.0 
-221.0 620.0 -679.0 
-842.0 -808.0 179.0 
437.0 251.0 -280.0 
-522.0 466.0 -110.0 
-816.0 139.0 264.0 
-723.0 -205.0 -189.0 
-342.0 407.0 223.0 
865.0 48.0 442.0 
200.0 -520.0 870.0 
333.0 180.0 -961.0 
-460.0 88.0 -340.0 
636.0 -816.0 355.0 
-326.0 -843.0 -907.0 
-129.0 461.0 201.0 
858.0 91.0 934.0 
351.0 -684.0 -778.0 
-794.0 676.0 -125.0 
-146.0 -549.0 649.0 
-115.0 -60.0 -483.0 
-281.0 -912.0 946.0 
248.0 524.0 963.0 
-841.0 782.0 -950.0 
153.0 477.0 500.0 
-846.0 306.0 889.0 
-37.0 -899.0 -144.0 
-755.0 483.0 25.0 
-838.0 537.0 -446.0 
-914.0 549.0 -661.0 
-593.0 -285.0 445.0 
-750.0 -992.0 -860.0 
-55.0 -912.0 -865.0 
214.0 756.0 -253.0 
-762.0 -121.0 -400.0 
-638.0 -531.0 -738.0 
143.0 -975.0 824.0 
-769.0 859.0 -710.0 
242.0 83.0 -163.0 
-858.0 -552.0 -579.0 
-493.0 310.0 -335.0 
-613.0 178.0 -81.0 
-863.0 132.0 301.0 
-53.0 -151.0 -750.0 
-729.0 -518.0 512.0 
76.0 -874.0 -785.0 
-248.0 -464.0 816.0 
-139.0 140.0 -176.0 
-835.0 -244.0 892.0 
-602.0 -840.0 69.0 
-964.0 -792.0 -742.0 
-250.0 -462.0 976.0 
286.0 715.0 -156.0 
405.0 577.0 342.0 
143.0 256.0 50.0 
-873.0 -191.0 540.0 
-585.0 888.0 -22.0 
686.0 -378.0 886.0 
-344.0 953.0 594.0 
-666.0 -268.0 295.0 
-62.0 407.0 -581.0 
334.0 -587.0 700.0 
691.0 578.0 -993.0 
704.0 820.0 167.0 
-639.0 778.0 -734.0 
-318.0 -187.0 -306.0 
-658.0 10.0 22.0 
-952.0 -664.0 291.0 
683.0 -643.0 -911.0 
92.0 -131.0 254.0 
-489.0 -462.0 -973.0 
-861.0 514.0 -203.0 
165.0 -751.0 -584.0 
-488.0 -157.0 -325.0 
514.0 -210.0 -321.0 
847.0 246.0 -463.0 
806.0 -384.0 -838.0 
396.0 -5.0 -161.0 
-856.0 -784.0 -134.0 
647.0 -934.0 145.0 
906.0 -641.0 603.0 
-278.0 -238.0 10.0 
-663.0 298.0 -82.0 
374.0 -279.0 665.0 
587.0 -809.0 -113.0 
65.0 395.0 -56.0 
305.0 397.0 -75.0 
706.0 -402.0 888.0 
475.0 -299.0 890.0 
652.0 -518.0 975.0 
974.0 -625.0 -720.0 
-476.0 -980.0 371.0 
-649.0 490.0 678.0 
161.0 -493.0 -525.0 
-210.0 -128.0 551.0 
960.0 84.0 157.0 
774.0 -960.0 415.0 
724.0 -214.0 92.0 
-932.0 -455.0 107.0 
161.0 603.0 -267.0 
357.0 -702.0 -616.0 
-100.0 85.0 871.0 
-66.0 -623.0 251.0 
14.0 -717.0 -279.0 
-198.0 -893.0 -382.0 
440.0 -452.0 -749.0 
-157.0 -13.0 -843.0 
-185.0 349.0 -174.0 
-572.0 687.0 602.0 
63.0 673.0 -510.0 
55.0 759.0 -995.0 
29.0 686.0 350.0 
-106.0 597.0 -686.0 
-270.0 708.0 100.0 
204.0 632.0 649.0 
862.0 843.0 -737.0 
675.0 151.0 500.0 
313.0 163.0 -194.0 
66.0 -853.0 -210.0 
123.0 -179.0 536.0 
909.0 -552.0 -870.0 
687.0 504.0 -189.0 
116.0 -53.0 274.0 
593.0 -348.0 -516.0 
337.0 86.0 -81.0 
-422.0 694.0 570.0 
-673.0 -894.0 -913.0 
156.0 166.0 369.0 
226.0 561.0 448.0 
-569.0 -670.0 253.0 
-790.0 -578.0 -259.0 
-422.0 441.0 539.0 
30.0 -723.0 -828.0 
-172.0 214.0 -751.0 
-993.0 317.0 407.0 
69.0 -484.0 465.0 
-472.0 -876.0 303.0 
-970.0 -615.0 -811.0 
-27.0 -171.0 -40.0 
-835.0 50.0 383.0 
657.0 -390.0 -615.0 
424.0 493.0 -877.0 
620.0 704.0 374.0 
209.0 630.0 850.0 
-211.0 552.0 -161.0 
912.0 673.0 -835.0 
777.0 603.0 -835.0 
-237.0 90.0 522.0 
-864.0 -937.0 -400.0 
481.0 -669.0 960.0 
-951.0 860.0 -235.0 
-982.0 -547.0 427.0 
14.0 749.0 406.0 
266.0 -628.0 -411.0 
274.0 -785.0 -358.0 
-205.0 -899.0 754.0 
-246.0 -684.0 -645.0 
-840.0 -530.0 762.0 
-988.0 -321.0 -376.0 
-975.0 -431.0 -826.0 
-210.0 -112.0 338.0 
227.0 35.0 417.0 
960.0 154.0 379.0 
110.0 85.0 783.0 
-809.0 501.0 978.0 
-461.0 -842.0 -39.0 
-644.0 -822.0 -310.0 
-383.0 -783.0 -508.0 
-242.0 -596.0 755.0 
565.0 -69.0 -711.0 
385.0 98.0 -63.0 
-586.0 165.0 -79.0 
-943.0 203.0 -395.0 
202.0 -530.0 -872.0 
-921.0 -481.0 -435.0 
-71.0 -198.0 825.0 
265.0 944.0 700.0 
406.0 -408.0 -611.0 
-319.0 106.0 6.0 
913.0 221.0 124.0 
-856.0 468.0 -693.0 
-119.0 -934.0 -267.0 
281.0 420.0 740.0 
-499.0 -965.0 199.0 
272.0 810.0 312.0 
130.0 698.0 -76.0 
-538.0 -401.0 798.0 
-126.0 986.0 680.0 
792.0 -149.0 673.0 
-806.0 -947.0 365.0 
654.0 526.0 13.0 
-25.0 -810.0 -211.0 
237.0 -246.0 244.0 
-649.0 834.0 -385.0 
-193.0 717.0 996.0 
129.0 350.0 865.0 
64.0 -284.0 -870.0 
-545.0 -487.0 -875.0 
59.0 646.0 -451.0 
498.0 -109.0 617.0 
-139.0 230.0 643.0 
-855.0 -164.0 -566.0 
-354.0 876.0 -498.0 
-611.0 159.0 46.0 
-936.0 -111.0 826.0 
944.0 -473.0 808.0 
-179.0 519.0 -25.0 
814.0 -599.0 -456.0 
-863.0 0.0 -754.0 
-379.0 -385.0 955.0 
342.0 194.0 283.0 
-243.0 0.0 963.0 
-413.0 -680.0 244.0 
519.0 840.0 712.0 
-712.0 210.0 461.0 
-728.0 317.0 253.0 
-778.0 -686.0 -623.0 
-163.0 373.0 -774.0 
840.0 -935.0 214.0 
-700.0 -152.0 391.0 
-322.0 -464.0 -693.0 
-92.0 -212.0 127.0 
542.0 -744.0 712.0 
-425.0 466.0 -197.0 
573.0 291.0 -453.0 
-28.0 -476.0 -59.0 
-336.0 -727.0 -843.0 
-155.0 -40.0 -804.0 
568.0 -790.0 289.0 
211.0 -331.0 619.0 
628.0 -55.0 810.0 
348.0 -178.0 986.0 
-434.0 357.0 710.0 
829.0 200.0 693.0 
-824.0 417.0 721.0 
-234.0 -468.0 -447.0 
-84.0 313.0 -731.0 
838.0 -948.0 280.0 
-642.0 -381.0 767.0 
357.0 859.0 -660.0 
-300.0 353.0 92.0 
-60.0 174.0 -523.0 
-935.0 -546.0 -224.0 
-807.0 -829.0 -312.0 
491.0 595.0 -925.0 
214.0 -715.0 915.0 
-18.0 -321.0 222.0 
-172.0 -730.0 -487.0 
-466.0 -427.0 966.0 
-188.0 552.0 -23.0 
-232.0 904.0 226.0 
113.0 693.0 -935.0 
-316.0 30.0 553.0 
483.0 -769.0 -975.0 
868.0 117.0 -687.0 
546.0 364.0 -354.0 
-616.0 -620.0 -779.0 
-632.0 -514.0 502.0 
-288.0 607.0 180.0 
-602.0 304.0 -257.0 
742.0 431.0 678.0 
-154.0 15.0 905.0 
514.0 635.0 932.0 
-134.0 -362.0 538.0 
-919.0 -550.0 -374.0 
-512.0 126.0 4.0 
-291.0 -780.0 -389.0 
635.0 387.0 573.0 
-580.0 185.0 -57.0 
795.0 -455.0 339.0 
937.0 -826.0 880.0 
-950.0 763.0 252.0 
282.0 -779.0 -881.0 
-925.0 -951.0 77.0 
101.0 607.0 101.0 
172.0 26.0 736.0 
566.0 925.0 -244.0 
916.0 -693.0 -702.0 
780.0 -995.0 563.0 
704.0 978.0 -977.0 
864.0 -729.0 167.0 
181.0 753.0 -381.0 
-974.0 -741.0 32.0 
-668.0 -95.0 159.0 
231.0 -953.0 547.0 
435.0 623.0 870.0 
778.0 583.0 393.0 
-280.0 -62.0 851.0 
418.0 126.0 -419.0 
49.0 914.0 -68.0 
848.0 77.0 323.0 
-57.0 404.0 -719.0 
-978.0 -70.0 -484.0 
917.0 652.0 838.0 
769.0 754.0 -193.0 
636.0 537.0 593.0 
910.0 197.0 -585.0 
604.0 -589.0 167.0 
923.0 911.0 902.0 
766.0 636.0 941.0 
508.0 -219.0 423.0 
389.0 778.0 -163.0 
-238.0 433.0 -387.0 
599.0 466.0 873.0 
-250.0 -844.0 -591.0 
-467.0 -266.0 -122.0 
-2.0 -329.0 -934.0 
-920.0 -114.0 597.0 
-147.0 -733.0 168.0 
472.0 -787.0 919.0 
198.0 -331.0 -816.0 
-765.0 738.0 908.0 
-494.0 -49.0 944.0 
-588.0 -877.0 -269.0 
-927.0 -370.0 637.0 
-616.0 -781.0 561.0 
-840.0 -957.0 849.0 
329.0 301.0 -483.0 
150.0 -414.0 435.0 
-186.0 -564.0 49.0 
954.0 -650.0 702.0 
47.0 566.0 685.0 
786.0 -882.0 -838.0 
-339.0 184.0 -354.0 
-503.0 -523.0 7.0 
-231.0 879.0 -377.0 
502.0 242.0 -874.0 
-136.0 -386.0 301.0 
959.0 -537.0 -639.0 
-408.0 881.0 -750.0 
-105.0 -255.0 -553.0 
424.0 383.0 -438.0 
162.0 -671.0 -205.0 
169.0 -253.0 -325.0 
825.0 877.0 450.0 
-313.0 -554.0 510.0 
-933.0 -422.0 70.0 
519.0 -245.0 -479.0 
545.0 -733.0 526.0 
-129.0 171.0 -786.0 
-360.0 206.0 -77.0 
476.0 -460.0 852.0 
-738.0 -265.0 652.0 
740.0 715.0 -644.0 
367.0 -133.0 -749.0 
-144.0 490.0 492.0 
530.0 -31.0 -588.0 
-479.0 619.0 290.0 
135.0 -774.0 311.0 
-146.0 432.0 574.0 
549.0 951.0 572.0 
-68.0 587.0 -538.0 
169.0 -640.0 359.0 
641.0 300.0 -107.0 
-760.0 -990.0 -927.0 
688.0 798.0 -117.0 
-118.0 9.0 -255.0 
-406.0 480.0 629.0 
-674.0 -753.0 585.0 
333.0 -710.0 109.0 
-949.0 212.0 -373.0 
12.0 -273.0 -643.0 
505.0 439.0 828.0 
-788.0 829.0 316.0 
-503.0 115.0 665.0 
-232.0 -440.0 -149.0 
-476.0 85.0 -770.0 
-151.0 -131.0 193.0 
-634.0 -857.0 63.0 
598.0 -511.0 -407.0 
513.0 791.0 -902.0 
-968.0 -579.0 428.0 
721.0 320.0 134.0 
-731.0 937.0 -336.0 
-921.0 677.0 -570.0 
264.0 298.0 -393.0 
-304.0 -731.0 -16.0 
149.0 -33.0 807.0 
484.0 869.0 -519.0 
-464.0 606.0 -862.0 
805.0 -76.0 -219.0 
425.0 466.0 673.0 
-193.0 -957.0 -434.0 
161.0 466.0 630.0 
810.0 -298.0 376.0 
154.0 509.0 551.0 
-732.0 -603.0 -798.0 
-813.0 744.0 908.0 
-485.0 442.0 440.0 
-551.0 479.0 -94.0 
251.0 814.0 -674.0 
136.0 -479.0 -236.0 
-803.0 588.0 -244.0 
-924.0 -572.0 84.0 
411.0 -903.0 892.0 
-766.0 236.0 181.0 
379.0 207.0 -520.0 
306.0 31.0 -547.0 
-794.0 984.0 -760.0 
317.0 773.0 921.0 
752.0 -355.0 225.0 
-95.0 -84.0 -99.0 
770.0 -429.0 -975.0 
-739.0 724.0 918.0 
358.0 -944.0 506.0 
